Final del Evento	 Tipo de Evento		 Cliente Número General		 Tipo Cliente		 Número Cliente (Tipo)		 TM		 SS		 WL0		 WL1		 WL2		 AT0		 AT1		 AT2 (next)		 DT0		 DT1		 DT2
1			Llegad(0)			1				0			1			0,0001		0		0		0		0		16,35		-		-			2,0001		999999		999999		
2			salida(0)			1				0			1			2,0001		-1		0		0		0		16,35		-		-			999999		999999		999999		
3			Llegad(2)			2				2			1			7,2213		2		0		0		0		-		-		12,95			999999		999999		9,2213		
4			Llegad(1)			3				1			1			7,9823		2		0		1		0		-		16,31		-			999999		999999		9,2213		
5			salida(2)			2				2			1			9,2213		1		0		0		0		-		-		12,95			999999		11,221		999999		
6			salida(1)			3				1			1			11,221		-1		0		0		0		-		16,31		-			999999		999999		999999		
7			Llegad(2)			4				2			2			12,950		2		0		0		0		-		-		17,69			999999		999999		14,950		
8			salida(2)			4				2			2			14,950		-1		0		0		0		-		-		17,69			999999		999999		999999		
9			Llegad(1)			5				1			2			16,317		1		0		0		0		-		23,50		-			999999		18,317		999999		
10			Llegad(0)			6				0			2			16,354		1		1		0		0		31,30		-		-			999999		18,317		999999		
11			Llegad(2)			7				2			3			17,696		1		1		0		1		-		-		23,50			999999		18,317		999999		
12			salida(1)			5				1			2			18,317		0		0		0		1		-		23,50		-			20,317		999999		999999		
13			salida(0)			6				0			2			20,317		-1		0		0		1		31,30		-		-			999999		999999		999999		
* Cliente (tipo 2) tomó servidor en el tiempo 20,3176523810183 y se le asigno DT 22,3176523810183
14			salida(2)			7				2			3			22,317		-1		0		0		0		-		-		23,50			999999		999999		999999		
15			Llegad(2)			8				2			4			23,500		2		0		0		0		-		-		29,32			999999		999999		25,500		
16			Llegad(1)			9				1			3			23,500		2		0		1		0		-		32,29		-			999999		999999		25,500		
17			salida(2)			8				2			4			25,500		1		0		0		0		-		-		29,32			999999		27,500		999999		
18			salida(1)			9				1			3			27,500		-1		0		0		0		-		32,29		-			999999		999999		999999		
19			Llegad(2)			10				2			5			29,329		2		0		0		0		-		-		36,02			999999		999999		31,329		
20			Llegad(0)			11				0			3			31,302		2		1		0		0		48,30		-		-			999999		999999		31,329		
21			salida(2)			10				2			5			31,329		0		0		0		0		-		-		36,02			33,329		999999		999999		
22			Llegad(1)			12				1			4			32,293		0		0		1		0		-		39,09		-			33,329		999999		999999		
23			salida(0)			11				0			3			33,329		-1		0		1		0		48,30		-		-			999999		999999		999999		
* Cliente (tipo 1) tomó servidor en el tiempo 33,3290056346165 y se le asigno DT 35,3290056346165
24			salida(1)			12				1			4			35,329		-1		0		0		0		-		39,09		-			999999		999999		999999		
25			Llegad(2)			13				2			6			36,020		2		0		0		0		-		-		42,76			999999		999999		38,020		
26			salida(2)			13				2			6			38,020		-1		0		0		0		-		-		42,76			999999		999999		999999		
27			Llegad(1)			14				1			5			39,096		1		0		0		0		-		46,36		-			999999		41,096		999999		
28			salida(1)			14				1			5			41,096		-1		0		0		0		-		46,36		-			999999		999999		999999		
29			Llegad(2)			15				2			7			42,764		2		0		0		0		-		-		48,57			999999		999999		44,764		
30			salida(2)			15				2			7			44,764		-1		0		0		0		-		-		48,57			999999		999999		999999		
31			Llegad(1)			16				1			6			46,364		1		0		0		0		-		55,02		-			999999		48,364		999999		
32			Llegad(0)			17				0			4			48,306		1		1		0		0		64,52		-		-			999999		48,364		999999		
33			salida(1)			16				1			6			48,364		0		0		0		0		-		55,02		-			50,364		999999		999999		
34			Llegad(2)			18				2			8			48,579		0		0		0		1		-		-		56,05			50,364		999999		999999		
35			salida(0)			17				0			4			50,364		-1		0		0		1		64,52		-		-			999999		999999		999999		
* Cliente (tipo 2) tomó servidor en el tiempo 50,364941616671 y se le asigno DT 52,364941616671
36			salida(2)			18				2			8			52,364		-1		0		0		0		-		-		56,05			999999		999999		999999		
37			Llegad(1)			19				1			7			55,029		1		0		0		0		-		61,38		-			999999		57,029		999999		
38			Llegad(2)			20				2			9			56,051		1		0		0		1		-		-		61,32			999999		57,029		999999		
39			salida(1)			19				1			7			57,029		-1		0		0		1		-		61,38		-			999999		999999		999999		
* Cliente (tipo 2) tomó servidor en el tiempo 57,0290269642354 y se le asigno DT 59,0290269642354
40			salida(2)			20				2			9			59,029		-1		0		0		0		-		-		61,32			999999		999999		999999		
41			Llegad(2)			21				2			10			61,320		2		0		0		0		-		-		68,14			999999		999999		63,320		
42			Llegad(1)			22				1			8			61,386		2		0		1		0		-		69,91		-			999999		999999		63,320		
43			salida(2)			21				2			10			63,320		1		0		0		0		-		-		68,14			999999		65,320		999999		
44			Llegad(0)			23				0			5			64,520		1		1		0		0		80,86		-		-			999999		65,320		999999		
45			salida(1)			22				1			8			65,320		0		0		0		0		-		69,91		-			67,320		999999		999999		
46			salida(0)			23				0			5			67,320		-1		0		0		0		80,86		-		-			999999		999999		999999		
47			Llegad(2)			24				2			11			68,149		2		0		0		0		-		-		74,61			999999		999999		70,149		
48			Llegad(1)			25				1			9			69,912		2		0		1		0		-		79,33		-			999999		999999		70,149		
49			salida(2)			24				2			11			70,149		1		0		0		0		-		-		74,61			999999		72,149		999999		
50			salida(1)			25				1			9			72,149		-1		0		0		0		-		79,33		-			999999		999999		999999		
51			Llegad(2)			26				2			12			74,613		2		0		0		0		-		-		80,65			999999		999999		76,613		
52			salida(2)			26				2			12			76,613		-1		0		0		0		-		-		80,65			999999		999999		999999		
53			Llegad(1)			27				1			10			79,336		1		0		0		0		-		87,59		-			999999		81,336		999999		
54			Llegad(2)			28				2			13			80,659		1		0		0		1		-		-		87,18			999999		81,336		999999		
55			Llegad(0)			29				0			6			80,860		1		1		0		1		96,16		-		-			999999		81,336		999999		
56			salida(1)			27				1			10			81,336		0		0		0		1		-		87,59		-			83,336		999999		999999		
57			salida(0)			29				0			6			83,336		-1		0		0		1		96,16		-		-			999999		999999		999999		
* Cliente (tipo 2) tomó servidor en el tiempo 83,3364949543387 y se le asigno DT 85,3364949543387
58			salida(2)			28				2			13			85,336		-1		0		0		0		-		-		87,18			999999		999999		999999		
59			Llegad(2)			30				2			14			87,189		2		0		0		0		-		-		93,48			999999		999999		89,189		
60			Llegad(1)			31				1			11			87,593		2		0		1		0		-		95,22		-			999999		999999		89,189		
61			salida(2)			30				2			14			89,189		1		0		0		0		-		-		93,48			999999		91,189		999999		
62			salida(1)			31				1			11			91,189		-1		0		0		0		-		95,22		-			999999		999999		999999		
63			Llegad(2)			32				2			15			93,481		2		0		0		0		-		-		99,36			999999		999999		95,481		
64			Llegad(1)			33				1			12			95,228		2		0		1		0		-		101,4		-			999999		999999		95,481		
65			salida(2)			32				2			15			95,481		1		0		0		0		-		-		99,36			999999		97,481		999999		
66			Llegad(0)			34				0			7			96,164		1		1		0		0		111,4		-		-			999999		97,481		999999		
67			salida(1)			33				1			12			97,481		0		0		0		0		-		101,4		-			99,481		999999		999999		
68			Llegad(2)			35				2			16			99,360		0		0		0		1		-		-		106,5			99,481		999999		999999		
69			salida(0)			34				0			7			99,481		-1		0		0		1		111,4		-		-			999999		999999		999999		
* Cliente (tipo 2) tomó servidor en el tiempo 99,4812939224583 y se le asigno DT 101,481293922458
70			salida(2)			35				2			16			101,48		-1		0		0		0		-		-		106,5			999999		999999		999999		
71			Llegad(1)			36				1			13			101,48		1		0		0		0		-		108,5		-			999999		103,48		999999		
72			salida(1)			36				1			13			103,48		-1		0		0		0		-		108,5		-			999999		999999		999999		
73			Llegad(2)			37				2			17			106,51		2		0		0		0		-		-		113,6			999999		999999		108,51		
74			Llegad(1)			38				1			14			108,50		2		0		1		0		-		116,4		-			999999		999999		108,51		
75			salida(2)			37				2			17			108,51		1		0		0		0		-		-		113,6			999999		110,51		999999		
76			salida(1)			38				1			14			110,51		-1		0		0		0		-		116,4		-			999999		999999		999999		
77			Llegad(0)			39				0			8			111,42		0		0		0		0		127,0		-		-			113,42		999999		999999		
78			salida(0)			39				0			8			113,42		-1		0		0		0		127,0		-		-			999999		999999		999999		
79			Llegad(2)			40				2			18			113,64		2		0		0		0		-		-		118,6			999999		999999		115,64		
80			salida(2)			40				2			18			115,64		-1		0		0		0		-		-		118,6			999999		999999		999999		
81			Llegad(1)			41				1			15			116,48		1		0		0		0		-		124,6		-			999999		118,48		999999		
82			salida(1)			41				1			15			118,48		-1		0		0		0		-		124,6		-			999999		999999		999999		
83			Llegad(2)			42				2			19			118,67		2		0		0		0		-		-		124,2			999999		999999		120,67		
84			salida(2)			42				2			19			120,67		-1		0		0		0		-		-		124,2			999999		999999		999999		
85			Llegad(2)			43				2			20			124,23		2		0		0		0		-		-		130,6			999999		999999		126,23		
86			Llegad(1)			44				1			16			124,66		2		0		1		0		-		133,6		-			999999		999999		126,23		
87			salida(2)			43				2			20			126,23		1		0		0		0		-		-		130,6			999999		128,23		999999		
88			Llegad(0)			45				0			9			127,07		1		1		0		0		145,3		-		-			999999		128,23		999999		
89			salida(1)			44				1			16			128,23		0		0		0		0		-		133,6		-			130,23		999999		999999		
90			salida(0)			45				0			9			130,23		-1		0		0		0		145,3		-		-			999999		999999		999999		
91			Llegad(2)			46				2			21			130,62		2		0		0		0		-		-		135,9			999999		999999		132,62		
92			salida(2)			46				2			21			132,62		-1		0		0		0		-		-		135,9			999999		999999		999999		
93			Llegad(1)			47				1			17			133,67		1		0		0		0		-		141,0		-			999999		135,67		999999		
94			salida(1)			47				1			17			135,67		-1		0		0		0		-		141,0		-			999999		999999		999999		
95			Llegad(2)			48				2			22			135,90		2		0		0		0		-		-		141,6			999999		999999		137,90		
96			salida(2)			48				2			22			137,90		-1		0		0		0		-		-		141,6			999999		999999		999999		
97			Llegad(1)			49				1			18			141,08		1		0		0		0		-		149,7		-			999999		143,08		999999		
98			Llegad(2)			50				2			23			141,62		1		0		0		1		-		-		146,7			999999		143,08		999999		
99			salida(1)			49				1			18			143,08		-1		0		0		1		-		149,7		-			999999		999999		999999		
* Cliente (tipo 2) tomó servidor en el tiempo 143,084652746784 y se le asigno DT 145,084652746784
100			salida(2)			50				2			23			145,08		-1		0		0		0		-		-		146,7			999999		999999		999999		
101			Llegad(0)			51				0			10			145,36		0		0		0		0		163,7		-		-			147,36		999999		999999		
102			Llegad(2)			52				2			24			146,78		0		0		0		1		-		-		152,4			147,36		999999		999999		
103			salida(0)			51				0			10			147,36		-1		0		0		1		163,7		-		-			999999		999999		999999		
* Cliente (tipo 2) tomó servidor en el tiempo 147,366634210691 y se le asigno DT 149,366634210691
104			salida(2)			52				2			24			149,36		-1		0		0		0		-		-		152,4			999999		999999		999999		
105			Llegad(1)			53				1			19			149,74		1		0		0		0		-		157,8		-			999999		151,74		999999		
106			salida(1)			53				1			19			151,74		-1		0		0		0		-		157,8		-			999999		999999		999999		
107			Llegad(2)			54				2			25			152,43		2		0		0		0		-		-		159,3			999999		999999		154,43		
108			salida(2)			54				2			25			154,43		-1		0		0		0		-		-		159,3			999999		999999		999999		
109			Llegad(1)			55				1			20			157,86		1		0		0		0		-		165,3		-			999999		159,86		999999		
110			Llegad(2)			56				2			26			159,37		1		0		0		1		-		-		165,6			999999		159,86		999999		
111			salida(1)			55				1			20			159,86		-1		0		0		1		-		165,3		-			999999		999999		999999		
* Cliente (tipo 2) tomó servidor en el tiempo 159,868823903394 y se le asigno DT 161,868823903394
112			salida(2)			56				2			26			161,86		-1		0		0		0		-		-		165,6			999999		999999		999999		
113			Llegad(0)			57				0			11			163,78		0		0		0		0		183,0		-		-			165,78		999999		999999		
114			Llegad(1)			58				1			21			165,33		0		0		1		0		-		173,3		-			165,78		999999		999999		
115			Llegad(2)			59				2			27			165,62		0		0		1		1		-		-		171,5			165,78		999999		999999		
116			salida(0)			57				0			11			165,78		-1		0		1		1		183,0		-		-			999999		999999		999999		
* Cliente (tipo 1) tomó servidor en el tiempo 165,782225008615 y se le asigno DT 167,782225008615
117			salida(1)			58				1			21			167,78		-1		0		0		1		-		173,3		-			999999		999999		999999		
* Cliente (tipo 2) tomó servidor en el tiempo 167,782225008615 y se le asigno DT 169,782225008615
118			salida(2)			59				2			27			169,78		-1		0		0		0		-		-		171,5			999999		999999		999999		
119			Llegad(2)			60				2			28			171,55		2		0		0		0		-		-		177,6			999999		999999		173,55		
120			Llegad(1)			61				1			22			173,33		2		0		1		0		-		181,9		-			999999		999999		173,55		
121			salida(2)			60				2			28			173,55		1		0		0		0		-		-		177,6			999999		175,55		999999		
122			salida(1)			61				1			22			175,55		-1		0		0		0		-		181,9		-			999999		999999		999999		
123			Llegad(2)			62				2			29			177,67		2		0		0		0		-		-		183,7			999999		999999		179,67		
124			salida(2)			62				2			29			179,67		-1		0		0		0		-		-		183,7			999999		999999		999999		
125			Llegad(1)			63				1			23			181,96		1		0		0		0		-		189,9		-			999999		183,96		999999		
126			Llegad(0)			64				0			12			183,07		1		1		0		0		198,8		-		-			999999		183,96		999999		
127			Llegad(2)			65				2			30			183,75		1		1		0		1		-		-		189,0			999999		183,96		999999		
128			salida(1)			63				1			23			183,96		0		0		0		1		-		189,9		-			185,96		999999		999999		
129			salida(0)			64				0			12			185,96		-1		0		0		1		198,8		-		-			999999		999999		999999		
* Cliente (tipo 2) tomó servidor en el tiempo 185,965053802211 y se le asigno DT 187,965053802211
130			salida(2)			65				2			30			187,96		-1		0		0		0		-		-		189,0			999999		999999		999999		
131			Llegad(2)			66				2			31			189,07		2		0		0		0		-		-		195,7			999999		999999		191,07		
132			Llegad(1)			67				1			24			189,99		2		0		1		0		-		197,5		-			999999		999999		191,07		
133			salida(2)			66				2			31			191,07		1		0		0		0		-		-		195,7			999999		193,07		999999		
134			salida(1)			67				1			24			193,07		-1		0		0		0		-		197,5		-			999999		999999		999999		
135			Llegad(2)			68				2			32			195,72		2		0		0		0		-		-		201,5			999999		999999		197,72		
136			Llegad(1)			69				1			25			197,59		2		0		1		0		-		205,0		-			999999		999999		197,72		
137			salida(2)			68				2			32			197,72		1		0		0		0		-		-		201,5			999999		199,72		999999		
138			Llegad(0)			70				0			13			198,85		1		1		0		0		211,6		-		-			999999		199,72		999999		
139			salida(1)			69				1			25			199,72		0		0		0		0		-		205,0		-			201,72		999999		999999		
140			Llegad(2)			71				2			33			201,50		0		0		0		1		-		-		207,8			201,72		999999		999999		
141			salida(0)			70				0			13			201,72		-1		0		0		1		211,6		-		-			999999		999999		999999		
* Cliente (tipo 2) tomó servidor en el tiempo 201,723901137318 y se le asigno DT 203,723901137318
142			salida(2)			71				2			33			203,72		-1		0		0		0		-		-		207,8			999999		999999		999999		
143			Llegad(1)			72				1			26			205,02		1		0		0		0		-		212,5		-			999999		207,02		999999		
144			salida(1)			72				1			26			207,02		-1		0		0		0		-		212,5		-			999999		999999		999999		
145			Llegad(2)			73				2			34			207,84		2		0		0		0		-		-		213,2			999999		999999		209,84		
146			salida(2)			73				2			34			209,84		-1		0		0		0		-		-		213,2			999999		999999		999999		
147			Llegad(0)			74				0			14			211,63		0		0		0		0		229,0		-		-			213,63		999999		999999		
148			Llegad(1)			75				1			27			212,50		0		0		1		0		-		220,9		-			213,63		999999		999999		
149			Llegad(2)			76				2			35			213,28		0		0		1		1		-		-		219,1			213,63		999999		999999		
150			salida(0)			74				0			14			213,63		-1		0		1		1		229,0		-		-			999999		999999		999999		
* Cliente (tipo 1) tomó servidor en el tiempo 213,634528313708 y se le asigno DT 215,634528313708
151			salida(1)			75				1			27			215,63		-1		0		0		1		-		220,9		-			999999		999999		999999		
* Cliente (tipo 2) tomó servidor en el tiempo 215,634528313708 y se le asigno DT 217,634528313708
152			salida(2)			76				2			35			217,63		-1		0		0		0		-		-		219,1			999999		999999		999999		
153			Llegad(2)			77				2			36			219,17		2		0		0		0		-		-		225,7			999999		999999		221,17		
154			Llegad(1)			78				1			28			220,93		2		0		1		0		-		229,1		-			999999		999999		221,17		
155			salida(2)			77				2			36			221,17		1		0		0		0		-		-		225,7			999999		223,17		999999		
156			salida(1)			78				1			28			223,17		-1		0		0		0		-		229,1		-			999999		999999		999999		
157			Llegad(2)			79				2			37			225,77		2		0		0		0		-		-		232,4			999999		999999		227,77		
158			salida(2)			79				2			37			227,77		-1		0		0		0		-		-		232,4			999999		999999		999999		
159			Llegad(0)			80				0			15			229,03		0		0		0		0		245,5		-		-			231,03		999999		999999		
160			Llegad(1)			81				1			29			229,17		0		0		1		0		-		236,9		-			231,03		999999		999999		
161			salida(0)			80				0			15			231,03		-1		0		1		0		245,5		-		-			999999		999999		999999		
* Cliente (tipo 1) tomó servidor en el tiempo 231,038587339692 y se le asigno DT 233,038587339692
162			Llegad(2)			82				2			38			232,47		1		0		0		1		-		-		237,9			999999		233,03		999999		
163			salida(1)			81				1			29			233,03		-1		0		0		1		-		236,9		-			999999		999999		999999		
* Cliente (tipo 2) tomó servidor en el tiempo 233,038587339692 y se le asigno DT 235,038587339692
164			salida(2)			82				2			38			235,03		-1		0		0		0		-		-		237,9			999999		999999		999999		
165			Llegad(1)			83				1			30			236,90		1		0		0		0		-		244,7		-			999999		238,90		999999		
166			Llegad(2)			84				2			39			237,99		1		0		0		1		-		-		244,4			999999		238,90		999999		
167			salida(1)			83				1			30			238,90		-1		0		0		1		-		244,7		-			999999		999999		999999		
* Cliente (tipo 2) tomó servidor en el tiempo 238,90239381551 y se le asigno DT 240,90239381551
168			salida(2)			84				2			39			240,90		-1		0		0		0		-		-		244,4			999999		999999		999999		
169			Llegad(2)			85				2			40			244,42		2		0		0		0		-		-		250,0			999999		999999		246,42		
170			Llegad(1)			86				1			31			244,73		2		0		1		0		-		251,4		-			999999		999999		246,42		
171			Llegad(0)			87				0			16			245,57		2		1		1		0		261,0		-		-			999999		999999		246,42		
172			salida(2)			85				2			40			246,42		0		0		1		0		-		-		250,0			248,42		999999		999999		
173			salida(0)			87				0			16			248,42		-1		0		1		0		261,0		-		-			999999		999999		999999		
* Cliente (tipo 1) tomó servidor en el tiempo 248,42041705061 y se le asigno DT 250,42041705061
174			Llegad(2)			88				2			41			250,00		1		0		0		1		-		-		255,3			999999		250,42		999999		
175			salida(1)			86				1			31			250,42		-1		0		0		1		-		251,4		-			999999		999999		999999		
* Cliente (tipo 2) tomó servidor en el tiempo 250,42041705061 y se le asigno DT 252,42041705061
176			Llegad(1)			89				1			32			251,40		2		0		1		0		-		259,5		-			999999		999999		252,42		
177			salida(2)			88				2			41			252,42		1		0		0		0		-		-		255,3			999999		254,42		999999		
178			salida(1)			89				1			32			254,42		-1		0		0		0		-		259,5		-			999999		999999		999999		
179			Llegad(2)			90				2			42			255,35		2		0		0		0		-		-		262,9			999999		999999		257,35		
180			salida(2)			90				2			42			257,35		-1		0		0		0		-		-		262,9			999999		999999		999999		
181			Llegad(1)			91				1			33			259,54		1		0		0		0		-		268,9		-			999999		261,54		999999		
182			Llegad(0)			92				0			17			261,08		1		1		0		0		275,5		-		-			999999		261,54		999999		
183			salida(1)			91				1			33			261,54		0		0		0		0		-		268,9		-			263,54		999999		999999		
184			Llegad(2)			93				2			43			262,94		0		0		0		1		-		-		269,9			263,54		999999		999999		
185			salida(0)			92				0			17			263,54		-1		0		0		1		275,5		-		-			999999		999999		999999		
* Cliente (tipo 2) tomó servidor en el tiempo 263,546925219112 y se le asigno DT 265,546925219112
186			salida(2)			93				2			43			265,54		-1		0		0		0		-		-		269,9			999999		999999		999999		
187			Llegad(1)			94				1			34			268,92		1		0		0		0		-		278,1		-			999999		270,92		999999		
188			Llegad(2)			95				2			44			269,98		1		0		0		1		-		-		276,4			999999		270,92		999999		
189			salida(1)			94				1			34			270,92		-1		0		0		1		-		278,1		-			999999		999999		999999		
* Cliente (tipo 2) tomó servidor en el tiempo 270,927997914316 y se le asigno DT 272,927997914316
190			salida(2)			95				2			44			272,92		-1		0		0		0		-		-		276,4			999999		999999		999999		
191			Llegad(0)			96				0			18			275,59		0		0		0		0		294,1		-		-			277,59		999999		999999		
192			Llegad(2)			97				2			45			276,41		0		0		0		1		-		-		283,2			277,59		999999		999999		
193			salida(0)			96				0			18			277,59		-1		0		0		1		294,1		-		-			999999		999999		999999		
* Cliente (tipo 2) tomó servidor en el tiempo 277,590079769093 y se le asigno DT 279,590079769093
194			Llegad(1)			98				1			35			278,19		2		0		1		0		-		285,9		-			999999		999999		279,59		
195			salida(2)			97				2			45			279,59		1		0		0		0		-		-		283,2			999999		281,59		999999		
196			salida(1)			98				1			35			281,59		-1		0		0		0		-		285,9		-			999999		999999		999999		
197			Llegad(2)			99				2			46			283,21		2		0		0		0		-		-		288,8			999999		999999		285,21		
198			salida(2)			99				2			46			285,21		-1		0		0		0		-		-		288,8			999999		999999		999999		
199			Llegad(1)			100				1			36			285,91		1		0		0		0		-		293,4		-			999999		287,91		999999		
200			salida(1)			100				1			36			287,91		-1		0		0		0		-		293,4		-			999999		999999		999999		
201			Llegad(2)			101				2			47			288,86		2		0		0		0		-		-		294,7			999999		999999		290,86		
202			salida(2)			101				2			47			290,86		-1		0		0		0		-		-		294,7			999999		999999		999999		
203			Llegad(1)			102				1			37			293,49		1		0		0		0		-		300,2		-			999999		295,49		999999		
204			Llegad(0)			103				0			19			294,19		1		1		0		0		313,0		-		-			999999		295,49		999999		
205			Llegad(2)			104				2			48			294,77		1		1		0		1		-		-		300,6			999999		295,49		999999		
206			salida(1)			102				1			37			295,49		0		0		0		1		-		300,2		-			297,49		999999		999999		
207			salida(0)			103				0			19			297,49		-1		0		0		1		313,0		-		-			999999		999999		999999		
* Cliente (tipo 2) tomó servidor en el tiempo 297,4983328385 y se le asigno DT 299,4983328385
208			salida(2)			104				2			48			299,49		-1		0		0		0		-		-		300,6			999999		999999		999999		
209			Llegad(1)			105				1			38			300,24		1		0		0		0		-		307,3		-			999999		302,24		999999		
210			Llegad(2)			106				2			49			300,61		1		0		0		1		-		-		307,0			999999		302,24		999999		
211			salida(1)			105				1			38			302,24		-1		0		0		1		-		307,3		-			999999		999999		999999		
* Cliente (tipo 2) tomó servidor en el tiempo 302,244349259713 y se le asigno DT 304,244349259713
212			salida(2)			106				2			49			304,24		-1		0		0		0		-		-		307,0			999999		999999		999999		
213			Llegad(2)			107				2			50			307,02		2		0		0		0		-		-		313,3			999999		999999		309,02		
214			Llegad(1)			108				1			39			307,38		2		0		1		0		-		315,8		-			999999		999999		309,02		
215			salida(2)			107				2			50			309,02		1		0		0		0		-		-		313,3			999999		311,02		999999		
216			salida(1)			108				1			39			311,02		-1		0		0		0		-		315,8		-			999999		999999		999999		
217			Llegad(0)			109				0			20			313,06		0		0		0		0		328,0		-		-			315,06		999999		999999		
218			Llegad(2)			110				2			51			313,34		0		0		0		1		-		-		319,1			315,06		999999		999999		
219			salida(0)			109				0			20			315,06		-1		0		0		1		328,0		-		-			999999		999999		999999		
* Cliente (tipo 2) tomó servidor en el tiempo 315,06148894833 y se le asigno DT 317,06148894833
220			Llegad(1)			111				1			40			315,85		2		0		1		0		-		322,4		-			999999		999999		317,06		
221			salida(2)			110				2			51			317,06		1		0		0		0		-		-		319,1			999999		319,06		999999		
222			salida(1)			111				1			40			319,06		-1		0		0		0		-		322,4		-			999999		999999		999999		
223			Llegad(2)			112				2			52			319,18		2		0		0		0		-		-		324,7			999999		999999		321,18		
224			salida(2)			112				2			52			321,18		-1		0		0		0		-		-		324,7			999999		999999		999999		
225			Llegad(1)			113				1			41			322,40		1		0		0		0		-		329,1		-			999999		324,40		999999		
226			salida(1)			113				1			41			324,40		-1		0		0		0		-		329,1		-			999999		999999		999999		
227			Llegad(2)			114				2			53			324,72		2		0		0		0		-		-		331,4			999999		999999		326,72		
228			salida(2)			114				2			53			326,72		-1		0		0		0		-		-		331,4			999999		999999		999999		
229			Llegad(0)			115				0			21			328,09		0		0		0		0		341,7		-		-			330,09		999999		999999		
230			Llegad(1)			116				1			42			329,16		0		0		1		0		-		336,9		-			330,09		999999		999999		
231			salida(0)			115				0			21			330,09		-1		0		1		0		341,7		-		-			999999		999999		999999		
* Cliente (tipo 1) tomó servidor en el tiempo 330,098498657962 y se le asigno DT 332,098498657962
232			Llegad(2)			117				2			54			331,45		1		0		0		1		-		-		336,8			999999		332,09		999999		
233			salida(1)			116				1			42			332,09		-1		0		0		1		-		336,9		-			999999		999999		999999		
* Cliente (tipo 2) tomó servidor en el tiempo 332,098498657962 y se le asigno DT 334,098498657962
234			salida(2)			117				2			54			334,09		-1		0		0		0		-		-		336,8			999999		999999		999999		
235			Llegad(2)			118				2			55			336,84		2		0		0		0		-		-		342,6			999999		999999		338,84		
236			Llegad(1)			119				1			43			336,96		2		0		1		0		-		343,8		-			999999		999999		338,84		
237			salida(2)			118				2			55			338,84		1		0		0		0		-		-		342,6			999999		340,84		999999		
238			salida(1)			119				1			43			340,84		-1		0		0		0		-		343,8		-			999999		999999		999999		
239			Llegad(0)			120				0			22			341,71		0		0		0		0		356,5		-		-			343,71		999999		999999		
240			Llegad(2)			121				2			56			342,67		0		0		0		1		-		-		349,2			343,71		999999		999999		
241			salida(0)			120				0			22			343,71		-1		0		0		1		356,5		-		-			999999		999999		999999		
* Cliente (tipo 2) tomó servidor en el tiempo 343,712629368085 y se le asigno DT 345,712629368085
242			Llegad(1)			122				1			44			343,86		2		0		1		0		-		352,6		-			999999		999999		345,71		
243			salida(2)			121				2			56			345,71		1		0		0		0		-		-		349,2			999999		347,71		999999		
244			salida(1)			122				1			44			347,71		-1		0		0		0		-		352,6		-			999999		999999		999999		
245			Llegad(2)			123				2			57			349,23		2		0		0		0		-		-		354,7			999999		999999		351,23		
246			salida(2)			123				2			57			351,23		-1		0		0		0		-		-		354,7			999999		999999		999999		
247			Llegad(1)			124				1			45			352,62		1		0		0		0		-		360,6		-			999999		354,62		999999		
248			salida(1)			124				1			45			354,62		-1		0		0		0		-		360,6		-			999999		999999		999999		
249			Llegad(2)			125				2			58			354,73		2		0		0		0		-		-		359,9			999999		999999		356,73		
250			Llegad(0)			126				0			23			356,59		2		1		0		0		374,4		-		-			999999		999999		356,73		
251			salida(2)			125				2			58			356,73		0		0		0		0		-		-		359,9			358,73		999999		999999		
252			salida(0)			126				0			23			358,73		-1		0		0		0		374,4		-		-			999999		999999		999999		
253			Llegad(2)			127				2			59			359,95		2		0		0		0		-		-		366,0			999999		999999		361,95		
254			Llegad(1)			128				1			46			360,60		2		0		1		0		-		369,9		-			999999		999999		361,95		
255			salida(2)			127				2			59			361,95		1		0		0		0		-		-		366,0			999999		363,95		999999		
256			salida(1)			128				1			46			363,95		-1		0		0		0		-		369,9		-			999999		999999		999999		
257			Llegad(2)			129				2			60			366,09		2		0		0		0		-		-		371,9			999999		999999		368,09		
258			salida(2)			129				2			60			368,09		-1		0		0		0		-		-		371,9			999999		999999		999999		
259			Llegad(1)			130				1			47			369,97		1		0		0		0		-		377,0		-			999999		371,97		999999		
260			Llegad(2)			131				2			61			371,96		1		0		0		1		-		-		377,9			999999		371,97		999999		
261			salida(1)			130				1			47			371,97		-1		0		0		1		-		377,0		-			999999		999999		999999		
* Cliente (tipo 2) tomó servidor en el tiempo 371,977640373718 y se le asigno DT 373,977640373718
262			salida(2)			131				2			61			373,97		-1		0		0		0		-		-		377,9			999999		999999		999999		
263			Llegad(0)			132				0			24			374,46		0		0		0		0		389,4		-		-			376,46		999999		999999		
264			salida(0)			132				0			24			376,46		-1		0		0		0		389,4		-		-			999999		999999		999999		
265			Llegad(1)			133				1			48			377,08		1		0		0		0		-		384,6		-			999999		379,08		999999		
266			Llegad(2)			134				2			62			377,91		1		0		0		1		-		-		383,5			999999		379,08		999999		
267			salida(1)			133				1			48			379,08		-1		0		0		1		-		384,6		-			999999		999999		999999		
* Cliente (tipo 2) tomó servidor en el tiempo 379,082788132488 y se le asigno DT 381,082788132488
268			salida(2)			134				2			62			381,08		-1		0		0		0		-		-		383,5			999999		999999		999999		
269			Llegad(2)			135				2			63			383,57		2		0		0		0		-		-		389,1			999999		999999		385,57		
270			Llegad(1)			136				1			49			384,65		2		0		1		0		-		392,1		-			999999		999999		385,57		
271			salida(2)			135				2			63			385,57		1		0		0		0		-		-		389,1			999999		387,57		999999		
272			salida(1)			136				1			49			387,57		-1		0		0		0		-		392,1		-			999999		999999		999999		
273			Llegad(2)			137				2			64			389,14		2		0		0		0		-		-		394,1			999999		999999		391,14		
274			Llegad(0)			138				0			25			389,41		2		1		0		0		407,9		-		-			999999		999999		391,14		
275			salida(2)			137				2			64			391,14		0		0		0		0		-		-		394,1			393,14		999999		999999		
276			Llegad(1)			139				1			50			392,12		0		0		1		0		-		398,2		-			393,14		999999		999999		
277			salida(0)			138				0			25			393,14		-1		0		1		0		407,9		-		-			999999		999999		999999		
* Cliente (tipo 1) tomó servidor en el tiempo 393,147896169353 y se le asigno DT 395,147896169353
278			Llegad(2)			140				2			65			394,11		1		0		0		1		-		-		399,8			999999		395,14		999999		
279			salida(1)			139				1			50			395,14		-1		0		0		1		-		398,2		-			999999		999999		999999		
* Cliente (tipo 2) tomó servidor en el tiempo 395,147896169353 y se le asigno DT 397,147896169353
280			salida(2)			140				2			65			397,14		-1		0		0		0		-		-		399,8			999999		999999		999999		
281			Llegad(1)			141				1			51			398,20		1		0		0		0		-		406,7		-			999999		400,20		999999		
282			Llegad(2)			142				2			66			399,87		1		0		0		1		-		-		405,4			999999		400,20		999999		
283			salida(1)			141				1			51			400,20		-1		0		0		1		-		406,7		-			999999		999999		999999		
* Cliente (tipo 2) tomó servidor en el tiempo 400,201202688774 y se le asigno DT 402,201202688774
284			salida(2)			142				2			66			402,20		-1		0		0		0		-		-		405,4			999999		999999		999999		
285			Llegad(2)			143				2			67			405,42		2		0		0		0		-		-		410,7			999999		999999		407,42		
286			Llegad(1)			144				1			52			406,79		2		0		1		0		-		415,1		-			999999		999999		407,42		
287			salida(2)			143				2			67			407,42		1		0		0		0		-		-		410,7			999999		409,42		999999		
288			Llegad(0)			145				0			26			407,90		1		1		0		0		424,8		-		-			999999		409,42		999999		
289			salida(1)			144				1			52			409,42		0		0		0		0		-		415,1		-			411,42		999999		999999		
290			Llegad(2)			146				2			68			410,73		0		0		0		1		-		-		416,8			411,42		999999		999999		
291			salida(0)			145				0			26			411,42		-1		0		0		1		424,8		-		-			999999		999999		999999		
* Cliente (tipo 2) tomó servidor en el tiempo 411,422002138309 y se le asigno DT 413,422002138309
292			salida(2)			146				2			68			413,42		-1		0		0		0		-		-		416,8			999999		999999		999999		
293			Llegad(1)			147				1			53			415,11		1		0		0		0		-		423,4		-			999999		417,11		999999		
294			Llegad(2)			148				2			69			416,85		1		0		0		1		-		-		422,1			999999		417,11		999999		
295			salida(1)			147				1			53			417,11		-1		0		0		1		-		423,4		-			999999		999999		999999		
* Cliente (tipo 2) tomó servidor en el tiempo 417,118617322312 y se le asigno DT 419,118617322312
296			salida(2)			148				2			69			419,11		-1		0		0		0		-		-		422,1			999999		999999		999999		
297			Llegad(2)			149				2			70			422,13		2		0		0		0		-		-		428,5			999999		999999		424,13		
298			Llegad(1)			150				1			54			423,48		2		0		1		0		-		431,6		-			999999		999999		424,13		
299			salida(2)			149				2			70			424,13		1		0		0		0		-		-		428,5			999999		426,13		999999		
300			Llegad(0)			151				0			27			424,89		1		1		0		0		441,6		-		-			999999		426,13		999999		
301			salida(1)			150				1			54			426,13		0		0		0		0		-		431,6		-			428,13		999999		999999		
302			salida(0)			151				0			27			428,13		-1		0		0		0		441,6		-		-			999999		999999		999999		
303			Llegad(2)			152				2			71			428,58		2		0		0		0		-		-		434,1			999999		999999		430,58		
304			salida(2)			152				2			71			430,58		-1		0		0		0		-		-		434,1			999999		999999		999999		
305			Llegad(1)			153				1			55			431,65		1		0		0		0		-		439,9		-			999999		433,65		999999		
306			salida(1)			153				1			55			433,65		-1		0		0		0		-		439,9		-			999999		999999		999999		
307			Llegad(2)			154				2			72			434,14		2		0		0		0		-		-		439,7			999999		999999		436,14		
308			salida(2)			154				2			72			436,14		-1		0		0		0		-		-		439,7			999999		999999		999999		
309			Llegad(2)			155				2			73			439,70		2		0		0		0		-		-		447,0			999999		999999		441,70		
310			Llegad(1)			156				1			56			439,91		2		0		1		0		-		448,5		-			999999		999999		441,70		
311			Llegad(0)			157				0			28			441,69		2		1		1		0		458,4		-		-			999999		999999		441,70		
312			salida(2)			155				2			73			441,70		0		0		1		0		-		-		447,0			443,70		999999		999999		
313			salida(0)			157				0			28			443,70		-1		0		1		0		458,4		-		-			999999		999999		999999		
* Cliente (tipo 1) tomó servidor en el tiempo 443,703865122852 y se le asigno DT 445,703865122852
314			salida(1)			156				1			56			445,70		-1		0		0		0		-		448,5		-			999999		999999		999999		
315			Llegad(2)			158				2			74			447,07		2		0		0		0		-		-		453,4			999999		999999		449,07		
316			Llegad(1)			159				1			57			448,54		2		0		1		0		-		456,0		-			999999		999999		449,07		
317			salida(2)			158				2			74			449,07		1		0		0		0		-		-		453,4			999999		451,07		999999		
318			salida(1)			159				1			57			451,07		-1		0		0		0		-		456,0		-			999999		999999		999999		
319			Llegad(2)			160				2			75			453,43		2		0		0		0		-		-		460,7			999999		999999		455,43		
320			salida(2)			160				2			75			455,43		-1		0		0		0		-		-		460,7			999999		999999		999999		
321			Llegad(1)			161				1			58			456,03		1		0		0		0		-		465,1		-			999999		458,03		999999		
322			salida(1)			161				1			58			458,03		-1		0		0		0		-		465,1		-			999999		999999		999999		
323			Llegad(0)			162				0			29			458,47		0		0		0		0		474,1		-		-			460,47		999999		999999		
324			salida(0)			162				0			29			460,47		-1		0		0		0		474,1		-		-			999999		999999		999999		
325			Llegad(2)			163				2			76			460,78		2		0		0		0		-		-		466,2			999999		999999		462,78		
326			salida(2)			163				2			76			462,78		-1		0		0		0		-		-		466,2			999999		999999		999999		
327			Llegad(1)			164				1			59			465,12		1		0		0		0		-		472,6		-			999999		467,12		999999		
328			Llegad(2)			165				2			77			466,29		1		0		0		1		-		-		473,0			999999		467,12		999999		
329			salida(1)			164				1			59			467,12		-1		0		0		1		-		472,6		-			999999		999999		999999		
* Cliente (tipo 2) tomó servidor en el tiempo 467,12704273097 y se le asigno DT 469,12704273097
330			salida(2)			165				2			77			469,12		-1		0		0		0		-		-		473,0			999999		999999		999999		
331			Llegad(1)			166				1			60			472,69		1		0		0		0		-		481,1		-			999999		474,69		999999		
332			Llegad(2)			167				2			78			473,01		1		0		0		1		-		-		478,9			999999		474,69		999999		
333			Llegad(0)			168				0			30			474,15		1		1		0		1		491,2		-		-			999999		474,69		999999		
334			salida(1)			166				1			60			474,69		0		0		0		1		-		481,1		-			476,69		999999		999999		
335			salida(0)			168				0			30			476,69		-1		0		0		1		491,2		-		-			999999		999999		999999		
* Cliente (tipo 2) tomó servidor en el tiempo 476,691197272886 y se le asigno DT 478,691197272886
336			salida(2)			167				2			78			478,69		-1		0		0		0		-		-		478,9			999999		999999		999999		
337			Llegad(2)			169				2			79			478,97		2		0		0		0		-		-		485,7			999999		999999		480,97		
338			salida(2)			169				2			79			480,97		-1		0		0		0		-		-		485,7			999999		999999		999999		
339			Llegad(1)			170				1			61			481,14		1		0		0		0		-		489,6		-			999999		483,14		999999		
340			salida(1)			170				1			61			483,14		-1		0		0		0		-		489,6		-			999999		999999		999999		
341			Llegad(2)			171				2			80			485,73		2		0		0		0		-		-		492,4			999999		999999		487,73		
342			salida(2)			171				2			80			487,73		-1		0		0		0		-		-		492,4			999999		999999		999999		
343			Llegad(1)			172				1			62			489,61		1		0		0		0		-		496,7		-			999999		491,61		999999		
344			Llegad(0)			173				0			31			491,21		1		1		0		0		505,4		-		-			999999		491,61		999999		
345			salida(1)			172				1			62			491,61		0		0		0		0		-		496,7		-			493,61		999999		999999		
346			Llegad(2)			174				2			81			492,45		0		0		0		1		-		-		499,0			493,61		999999		999999		
347			salida(0)			173				0			31			493,61		-1		0		0		1		505,4		-		-			999999		999999		999999		
* Cliente (tipo 2) tomó servidor en el tiempo 493,617759474805 y se le asigno DT 495,617759474805
348			salida(2)			174				2			81			495,61		-1		0		0		0		-		-		499,0			999999		999999		999999		
349			Llegad(1)			175				1			63			496,79		1		0		0		0		-		506,0		-			999999		498,79		999999		
350			salida(1)			175				1			63			498,79		-1		0		0		0		-		506,0		-			999999		999999		999999		
351			Llegad(2)			176				2			82			499,01		2		0		0		0		-		-		504,3			999999		999999		501,01		
352			salida(2)			176				2			82			501,01		-1		0		0		0		-		-		504,3			999999		999999		999999		
353			Llegad(2)			177				2			83			504,39		2		0		0		0		-		-		510,2			999999		999999		506,39		
354			Llegad(0)			178				0			32			505,49		2		1		0		0		522,8		-		-			999999		999999		506,39		
355			Llegad(1)			179				1			64			506,06		2		1		1		0		-		513,8		-			999999		999999		506,39		
356			salida(2)			177				2			83			506,39		0		0		1		0		-		-		510,2			508,39		999999		999999		
357			salida(0)			178				0			32			508,39		-1		0		1		0		522,8		-		-			999999		999999		999999		
* Cliente (tipo 1) tomó servidor en el tiempo 508,394264318853 y se le asigno DT 510,394264318853
358			Llegad(2)			180				2			84			510,29		1		0		0		1		-		-		515,9			999999		510,39		999999		
359			salida(1)			179				1			64			510,39		-1		0		0		1		-		513,8		-			999999		999999		999999		
* Cliente (tipo 2) tomó servidor en el tiempo 510,394264318853 y se le asigno DT 512,394264318853
360			salida(2)			180				2			84			512,39		-1		0		0		0		-		-		515,9			999999		999999		999999		
361			Llegad(1)			181				1			65			513,86		1		0		0		0		-		522,0		-			999999		515,86		999999		
362			salida(1)			181				1			65			515,86		-1		0		0		0		-		522,0		-			999999		999999		999999		
363			Llegad(2)			182				2			85			515,90		2		0		0		0		-		-		521,7			999999		999999		517,90		
364			salida(2)			182				2			85			517,90		-1		0		0		0		-		-		521,7			999999		999999		999999		
365			Llegad(2)			183				2			86			521,70		2		0		0		0		-		-		527,4			999999		999999		523,70		
366			Llegad(1)			184				1			66			522,03		2		0		1		0		-		529,6		-			999999		999999		523,70		
367			Llegad(0)			185				0			33			522,80		2		1		1		0		539,6		-		-			999999		999999		523,70		
368			salida(2)			183				2			86			523,70		0		0		1		0		-		-		527,4			525,70		999999		999999		
369			salida(0)			185				0			33			525,70		-1		0		1		0		539,6		-		-			999999		999999		999999		
* Cliente (tipo 1) tomó servidor en el tiempo 525,701857182779 y se le asigno DT 527,701857182779
370			Llegad(2)			186				2			87			527,42		1		0		0		1		-		-		532,3			999999		527,70		999999		
371			salida(1)			184				1			66			527,70		-1		0		0		1		-		529,6		-			999999		999999		999999		
* Cliente (tipo 2) tomó servidor en el tiempo 527,701857182779 y se le asigno DT 529,701857182779
372			Llegad(1)			187				1			67			529,69		2		0		1		0		-		538,1		-			999999		999999		529,70		
373			salida(2)			186				2			87			529,70		1		0		0		0		-		-		532,3			999999		531,70		999999		
374			salida(1)			187				1			67			531,70		-1		0		0		0		-		538,1		-			999999		999999		999999		
375			Llegad(2)			188				2			88			532,37		2		0		0		0		-		-		538,2			999999		999999		534,37		
376			salida(2)			188				2			88			534,37		-1		0		0		0		-		-		538,2			999999		999999		999999		
377			Llegad(1)			189				1			68			538,15		1		0		0		0		-		546,6		-			999999		540,15		999999		
378			Llegad(2)			190				2			89			538,23		1		0		0		1		-		-		544,6			999999		540,15		999999		
379			Llegad(0)			191				0			34			539,62		1		1		0		1		555,2		-		-			999999		540,15		999999		
380			salida(1)			189				1			68			540,15		0		0		0		1		-		546,6		-			542,15		999999		999999		
381			salida(0)			191				0			34			542,15		-1		0		0		1		555,2		-		-			999999		999999		999999		
* Cliente (tipo 2) tomó servidor en el tiempo 542,154340922035 y se le asigno DT 544,154340922035
382			salida(2)			190				2			89			544,15		-1		0		0		0		-		-		544,6			999999		999999		999999		
383			Llegad(2)			192				2			90			544,67		2		0		0		0		-		-		551,2			999999		999999		546,67		
384			Llegad(1)			193				1			69			546,63		2		0		1		0		-		554,6		-			999999		999999		546,67		
385			salida(2)			192				2			90			546,67		1		0		0		0		-		-		551,2			999999		548,67		999999		
386			salida(1)			193				1			69			548,67		-1		0		0		0		-		554,6		-			999999		999999		999999		
387			Llegad(2)			194				2			91			551,22		2		0		0		0		-		-		557,0			999999		999999		553,22		
388			salida(2)			194				2			91			553,22		-1		0		0		0		-		-		557,0			999999		999999		999999		
389			Llegad(1)			195				1			70			554,68		1		0		0		0		-		562,4		-			999999		556,68		999999		
390			Llegad(0)			196				0			35			555,28		1		1		0		0		568,2		-		-			999999		556,68		999999		
391			salida(1)			195				1			70			556,68		0		0		0		0		-		562,4		-			558,68		999999		999999		
392			Llegad(2)			197				2			92			557,06		0		0		0		1		-		-		563,2			558,68		999999		999999		
393			salida(0)			196				0			35			558,68		-1		0		0		1		568,2		-		-			999999		999999		999999		
* Cliente (tipo 2) tomó servidor en el tiempo 558,682462181236 y se le asigno DT 560,682462181236
394			salida(2)			197				2			92			560,68		-1		0		0		0		-		-		563,2			999999		999999		999999		
395			Llegad(1)			198				1			71			562,46		1		0		0		0		-		569,6		-			999999		564,46		999999		
396			Llegad(2)			199				2			93			563,26		1		0		0		1		-		-		568,9			999999		564,46		999999		
397			salida(1)			198				1			71			564,46		-1		0		0		1		-		569,6		-			999999		999999		999999		
* Cliente (tipo 2) tomó servidor en el tiempo 564,464096456004 y se le asigno DT 566,464096456004
398			salida(2)			199				2			93			566,46		-1		0		0		0		-		-		568,9			999999		999999		999999		
399			Llegad(0)			200				0			36			568,23		0		0		0		0		583,2		-		-			570,23		999999		999999		
400			Llegad(2)			201				2			94			568,90		0		0		0		1		-		-		575,0			570,23		999999		999999		
401			Llegad(1)			202				1			72			569,65		0		0		1		1		-		577,0		-			570,23		999999		999999		
402			salida(0)			200				0			36			570,23		-1		0		1		1		583,2		-		-			999999		999999		999999		
* Cliente (tipo 1) tomó servidor en el tiempo 570,234890745406 y se le asigno DT 572,234890745406
403			salida(1)			202				1			72			572,23		-1		0		0		1		-		577,0		-			999999		999999		999999		
* Cliente (tipo 2) tomó servidor en el tiempo 572,234890745406 y se le asigno DT 574,234890745406
404			salida(2)			201				2			94			574,23		-1		0		0		0		-		-		575,0			999999		999999		999999		
405			Llegad(2)			203				2			95			575,00		2		0		0		0		-		-		580,5			999999		999999		577,00		
406			salida(2)			203				2			95			577,00		-1		0		0		0		-		-		580,5			999999		999999		999999		
407			Llegad(1)			204				1			73			577,01		1		0		0		0		-		584,4		-			999999		579,01		999999		
408			salida(1)			204				1			73			579,01		-1		0		0		0		-		584,4		-			999999		999999		999999		
409			Llegad(2)			205				2			96			580,57		2		0		0		0		-		-		585,9			999999		999999		582,57		
410			salida(2)			205				2			96			582,57		-1		0		0		0		-		-		585,9			999999		999999		999999		
411			Llegad(0)			206				0			37			583,22		0		0		0		0		598,6		-		-			585,22		999999		999999		
412			Llegad(1)			207				1			74			584,48		0		0		1		0		-		591,5		-			585,22		999999		999999		
413			salida(0)			206				0			37			585,22		-1		0		1		0		598,6		-		-			999999		999999		999999		
* Cliente (tipo 1) tomó servidor en el tiempo 585,220993887749 y se le asigno DT 587,220993887749
414			Llegad(2)			208				2			97			585,99		1		0		0		1		-		-		591,6			999999		587,22		999999		
415			salida(1)			207				1			74			587,22		-1		0		0		1		-		591,5		-			999999		999999		999999		
* Cliente (tipo 2) tomó servidor en el tiempo 587,220993887749 y se le asigno DT 589,220993887749
416			salida(2)			208				2			97			589,22		-1		0		0		0		-		-		591,6			999999		999999		999999		
417			Llegad(1)			209				1			75			591,52		1		0		0		0		-		598,9		-			999999		593,52		999999		
418			Llegad(2)			210				2			98			591,63		1		0		0		1		-		-		598,3			999999		593,52		999999		
419			salida(1)			209				1			75			593,52		-1		0		0		1		-		598,9		-			999999		999999		999999		
* Cliente (tipo 2) tomó servidor en el tiempo 593,521119761683 y se le asigno DT 595,521119761683
420			salida(2)			210				2			98			595,52		-1		0		0		0		-		-		598,3			999999		999999		999999		
421			Llegad(2)			211				2			99			598,39		2		0		0		0		-		-		604,0			999999		999999		600,39		
422			Llegad(0)			212				0			38			598,60		2		1		0		0		616,9		-		-			999999		999999		600,39		
423			Llegad(1)			213				1			76			598,98		2		1		1		0		-		607,1		-			999999		999999		600,39		
424			salida(2)			211				2			99			600,39		0		0		1		0		-		-		604,0			602,39		999999		999999		
425			salida(0)			212				0			38			602,39		-1		0		1		0		616,9		-		-			999999		999999		999999		
* Cliente (tipo 1) tomó servidor en el tiempo 602,398506315795 y se le asigno DT 604,398506315795
426			Llegad(2)			214				2			100			604,09		1		0		0		1		-		-		610,1			999999		604,39		999999		
427			salida(1)			213				1			76			604,39		-1		0		0		1		-		607,1		-			999999		999999		999999		
* Cliente (tipo 2) tomó servidor en el tiempo 604,398506315795 y se le asigno DT 606,398506315795
428			salida(2)			214				2			100			606,39		-1		0		0		0		-		-		610,1			999999		999999		999999		
429			Llegad(1)			215				1			77			607,16		1		0		0		0		-		616,6		-			999999		609,16		999999		
430			salida(1)			215				1			77			609,16		-1		0		0		0		-		616,6		-			999999		999999		999999		
431			Llegad(2)			216				2			101			610,15		2		0		0		0		-		-		615,7			999999		999999		612,15		
432			salida(2)			216				2			101			612,15		-1		0		0		0		-		-		615,7			999999		999999		999999		
433			Llegad(2)			217				2			102			615,72		2		0		0		0		-		-		622,6			999999		999999		617,72		
434			Llegad(1)			218				1			78			616,60		2		0		1		0		-		625,8		-			999999		999999		617,72		
435			Llegad(0)			219				0			39			616,98		2		1		1		0		633,7		-		-			999999		999999		617,72		
436			salida(2)			217				2			102			617,72		0		0		1		0		-		-		622,6			619,72		999999		999999		
437			salida(0)			219				0			39			619,72		-1		0		1		0		633,7		-		-			999999		999999		999999		
* Cliente (tipo 1) tomó servidor en el tiempo 619,720699136567 y se le asigno DT 621,720699136567
438			salida(1)			218				1			78			621,72		-1		0		0		0		-		625,8		-			999999		999999		999999		
439			Llegad(2)			220				2			103			622,63		2		0		0		0		-		-		628,4			999999		999999		624,63		
440			salida(2)			220				2			103			624,63		-1		0		0		0		-		-		628,4			999999		999999		999999		
441			Llegad(1)			221				1			79			625,89		1		0		0		0		-		635,4		-			999999		627,89		999999		
442			salida(1)			221				1			79			627,89		-1		0		0		0		-		635,4		-			999999		999999		999999		
443			Llegad(2)			222				2			104			628,49		2		0		0		0		-		-		634,5			999999		999999		630,49		
444			salida(2)			222				2			104			630,49		-1		0		0		0		-		-		634,5			999999		999999		999999		
445			Llegad(0)			223				0			40			633,77		0		0		0		0		649,9		-		-			635,77		999999		999999		
446			Llegad(2)			224				2			105			634,57		0		0		0		1		-		-		640,3			635,77		999999		999999		
447			Llegad(1)			225				1			80			635,42		0		0		1		1		-		643,1		-			635,77		999999		999999		
448			salida(0)			223				0			40			635,77		-1		0		1		1		649,9		-		-			999999		999999		999999		
* Cliente (tipo 1) tomó servidor en el tiempo 635,770057567298 y se le asigno DT 637,770057567298
449			salida(1)			225				1			80			637,77		-1		0		0		1		-		643,1		-			999999		999999		999999		
* Cliente (tipo 2) tomó servidor en el tiempo 637,770057567298 y se le asigno DT 639,770057567298
450			salida(2)			224				2			105			639,77		-1		0		0		0		-		-		640,3			999999		999999		999999		
451			Llegad(2)			226				2			106			640,30		2		0		0		0		-		-		646,3			999999		999999		642,30		
452			salida(2)			226				2			106			642,30		-1		0		0		0		-		-		646,3			999999		999999		999999		
453			Llegad(1)			227				1			81			643,19		1		0		0		0		-		651,8		-			999999		645,19		999999		
454			salida(1)			227				1			81			645,19		-1		0		0		0		-		651,8		-			999999		999999		999999		
455			Llegad(2)			228				2			107			646,33		2		0		0		0		-		-		652,0			999999		999999		648,33		
456			salida(2)			228				2			107			648,33		-1		0		0		0		-		-		652,0			999999		999999		999999		
457			Llegad(0)			229				0			41			649,95		0		0		0		0		668,3		-		-			651,95		999999		999999		
458			Llegad(1)			230				1			82			651,88		0		0		1		0		-		658,7		-			651,95		999999		999999		
459			salida(0)			229				0			41			651,95		-1		0		1		0		668,3		-		-			999999		999999		999999		
* Cliente (tipo 1) tomó servidor en el tiempo 651,954505195939 y se le asigno DT 653,954505195939
460			Llegad(2)			231				2			108			652,05		1		0		0		1		-		-		658,1			999999		653,95		999999		
461			salida(1)			230				1			82			653,95		-1		0		0		1		-		658,7		-			999999		999999		999999		
* Cliente (tipo 2) tomó servidor en el tiempo 653,954505195939 y se le asigno DT 655,954505195939
462			salida(2)			231				2			108			655,95		-1		0		0		0		-		-		658,1			999999		999999		999999		
463			Llegad(2)			232				2			109			658,15		2		0		0		0		-		-		664,6			999999		999999		660,15		
464			Llegad(1)			233				1			83			658,76		2		0		1		0		-		665,7		-			999999		999999		660,15		
465			salida(2)			232				2			109			660,15		1		0		0		0		-		-		664,6			999999		662,15		999999		
466			salida(1)			233				1			83			662,15		-1		0		0		0		-		665,7		-			999999		999999		999999		
467			Llegad(2)			234				2			110			664,69		2		0		0		0		-		-		670,8			999999		999999		666,69		
468			Llegad(1)			235				1			84			665,74		2		0		1		0		-		676,0		-			999999		999999		666,69		
469			salida(2)			234				2			110			666,69		1		0		0		0		-		-		670,8			999999		668,69		999999		
470			Llegad(0)			236				0			42			668,35		1		1		0		0		684,1		-		-			999999		668,69		999999		
471			salida(1)			235				1			84			668,69		0		0		0		0		-		676,0		-			670,69		999999		999999		
472			salida(0)			236				0			42			670,69		-1		0		0		0		684,1		-		-			999999		999999		999999		
473			Llegad(2)			237				2			111			670,81		2		0		0		0		-		-		677,8			999999		999999		672,81		
474			salida(2)			237				2			111			672,81		-1		0		0		0		-		-		677,8			999999		999999		999999		
475			Llegad(1)			238				1			85			676,08		1		0		0		0		-		682,8		-			999999		678,08		999999		
476			Llegad(2)			239				2			112			677,82		1		0		0		1		-		-		684,0			999999		678,08		999999		
477			salida(1)			238				1			85			678,08		-1		0		0		1		-		682,8		-			999999		999999		999999		
* Cliente (tipo 2) tomó servidor en el tiempo 678,089813074977 y se le asigno DT 680,089813074977
478			salida(2)			239				2			112			680,08		-1		0		0		0		-		-		684,0			999999		999999		999999		
479			Llegad(1)			240				1			86			682,86		1		0		0		0		-		691,2		-			999999		684,86		999999		
480			Llegad(2)			241				2			113			684,08		1		0		0		1		-		-		689,3			999999		684,86		999999		
481			Llegad(0)			242				0			43			684,18		1		1		0		1		699,4		-		-			999999		684,86		999999		
482			salida(1)			240				1			86			684,86		0		0		0		1		-		691,2		-			686,86		999999		999999		
483			salida(0)			242				0			43			686,86		-1		0		0		1		699,4		-		-			999999		999999		999999		
* Cliente (tipo 2) tomó servidor en el tiempo 686,869510641824 y se le asigno DT 688,869510641824
484			salida(2)			241				2			113			688,86		-1		0		0		0		-		-		689,3			999999		999999		999999		
485			Llegad(2)			243				2			114			689,33		2		0		0		0		-		-		695,2			999999		999999		691,33		
486			Llegad(1)			244				1			87			691,23		2		0		1		0		-		699,5		-			999999		999999		691,33		
487			salida(2)			243				2			114			691,33		1		0		0		0		-		-		695,2			999999		693,33		999999		
488			salida(1)			244				1			87			693,33		-1		0		0		0		-		699,5		-			999999		999999		999999		
489			Llegad(2)			245				2			115			695,26		2		0		0		0		-		-		700,9			999999		999999		697,26		
490			salida(2)			245				2			115			697,26		-1		0		0		0		-		-		700,9			999999		999999		999999		
491			Llegad(0)			246				0			44			699,43		0		0		0		0		714,2		-		-			701,43		999999		999999		
492			Llegad(1)			247				1			88			699,54		0		0		1		0		-		707,3		-			701,43		999999		999999		
493			Llegad(2)			248				2			116			700,90		0		0		1		1		-		-		706,2			701,43		999999		999999		
494			salida(0)			246				0			44			701,43		-1		0		1		1		714,2		-		-			999999		999999		999999		
* Cliente (tipo 1) tomó servidor en el tiempo 701,437476124586 y se le asigno DT 703,437476124586
495			salida(1)			247				1			88			703,43		-1		0		0		1		-		707,3		-			999999		999999		999999		
* Cliente (tipo 2) tomó servidor en el tiempo 703,437476124586 y se le asigno DT 705,437476124586
496			salida(2)			248				2			116			705,43		-1		0		0		0		-		-		706,2			999999		999999		999999		
497			Llegad(2)			249				2			117			706,20		2		0		0		0		-		-		711,2			999999		999999		708,20		
498			Llegad(1)			250				1			89			707,38		2		0		1		0		-		714,5		-			999999		999999		708,20		
499			salida(2)			249				2			117			708,20		1		0		0		0		-		-		711,2			999999		710,20		999999		
500			salida(1)			250				1			89			710,20		-1		0		0		0		-		714,5		-			999999		999999		999999		
501			Llegad(2)			251				2			118			711,22		2		0		0		0		-		-		716,8			999999		999999		713,22		
502			salida(2)			251				2			118			713,22		-1		0		0		0		-		-		716,8			999999		999999		999999		
503			Llegad(0)			252				0			45			714,21		0		0		0		0		734,3		-		-			716,21		999999		999999		
504			Llegad(1)			253				1			90			714,57		0		0		1		0		-		721,3		-			716,21		999999		999999		
505			salida(0)			252				0			45			716,21		-1		0		1		0		734,3		-		-			999999		999999		999999		
* Cliente (tipo 1) tomó servidor en el tiempo 716,211267152784 y se le asigno DT 718,211267152784
506			Llegad(2)			254				2			119			716,82		1		0		0		1		-		-		723,0			999999		718,21		999999		
507			salida(1)			253				1			90			718,21		-1		0		0		1		-		721,3		-			999999		999999		999999		
* Cliente (tipo 2) tomó servidor en el tiempo 718,211267152784 y se le asigno DT 720,211267152784
508			salida(2)			254				2			119			720,21		-1		0		0		0		-		-		723,0			999999		999999		999999		
509			Llegad(1)			255				1			91			721,31		1		0		0		0		-		730,0		-			999999		723,31		999999		
510			Llegad(2)			256				2			120			723,06		1		0		0		1		-		-		729,2			999999		723,31		999999		
511			salida(1)			255				1			91			723,31		-1		0		0		1		-		730,0		-			999999		999999		999999		
* Cliente (tipo 2) tomó servidor en el tiempo 723,313871709339 y se le asigno DT 725,313871709339
512			salida(2)			256				2			120			725,31		-1		0		0		0		-		-		729,2			999999		999999		999999		
513			Llegad(2)			257				2			121			729,25		2		0		0		0		-		-		735,3			999999		999999		731,25		
514			Llegad(1)			258				1			92			730,02		2		0		1		0		-		737,8		-			999999		999999		731,25		
515			salida(2)			257				2			121			731,25		1		0		0		0		-		-		735,3			999999		733,25		999999		
516			salida(1)			258				1			92			733,25		-1		0		0		0		-		737,8		-			999999		999999		999999		
517			Llegad(0)			259				0			46			734,32		0		0		0		0		747,9		-		-			736,32		999999		999999		
518			Llegad(2)			260				2			122			735,30		0		0		0		1		-		-		741,6			736,32		999999		999999		
519			salida(0)			259				0			46			736,32		-1		0		0		1		747,9		-		-			999999		999999		999999		
* Cliente (tipo 2) tomó servidor en el tiempo 736,329862166776 y se le asigno DT 738,329862166776
520			Llegad(1)			261				1			93			737,81		2		0		1		0		-		746,1		-			999999		999999		738,32		
521			salida(2)			260				2			122			738,32		1		0		0		0		-		-		741,6			999999		740,32		999999		
522			salida(1)			261				1			93			740,32		-1		0		0		0		-		746,1		-			999999		999999		999999		
523			Llegad(2)			262				2			123			741,64		2		0		0		0		-		-		747,0			999999		999999		743,64		
524			salida(2)			262				2			123			743,64		-1		0		0		0		-		-		747,0			999999		999999		999999		
525			Llegad(1)			263				1			94			746,18		1		0		0		0		-		754,0		-			999999		748,18		999999		
526			Llegad(2)			264				2			124			747,08		1		0		0		1		-		-		753,4			999999		748,18		999999		
527			Llegad(0)			265				0			47			747,91		1		1		0		1		764,8		-		-			999999		748,18		999999		
528			salida(1)			263				1			94			748,18		0		0		0		1		-		754,0		-			750,18		999999		999999		
529			salida(0)			265				0			47			750,18		-1		0		0		1		764,8		-		-			999999		999999		999999		
* Cliente (tipo 2) tomó servidor en el tiempo 750,186579413726 y se le asigno DT 752,186579413726
530			salida(2)			264				2			124			752,18		-1		0		0		0		-		-		753,4			999999		999999		999999		
531			Llegad(2)			266				2			125			753,48		2		0		0		0		-		-		759,6			999999		999999		755,48		
532			Llegad(1)			267				1			95			754,02		2		0		1		0		-		763,5		-			999999		999999		755,48		
533			salida(2)			266				2			125			755,48		1		0		0		0		-		-		759,6			999999		757,48		999999		
534			salida(1)			267				1			95			757,48		-1		0		0		0		-		763,5		-			999999		999999		999999		
535			Llegad(2)			268				2			126			759,66		2		0		0		0		-		-		765,3			999999		999999		761,66		
536			salida(2)			268				2			126			761,66		-1		0		0		0		-		-		765,3			999999		999999		999999		
537			Llegad(1)			269				1			96			763,55		1		0		0		0		-		770,5		-			999999		765,55		999999		
538			Llegad(0)			270				0			48			764,87		1		1		0		0		780,8		-		-			999999		765,55		999999		
539			Llegad(2)			271				2			127			765,37		1		1		0		1		-		-		770,7			999999		765,55		999999		
540			salida(1)			269				1			96			765,55		0		0		0		1		-		770,5		-			767,55		999999		999999		
541			salida(0)			270				0			48			767,55		-1		0		0		1		780,8		-		-			999999		999999		999999		
* Cliente (tipo 2) tomó servidor en el tiempo 767,551680626244 y se le asigno DT 769,551680626244
542			salida(2)			271				2			127			769,55		-1		0		0		0		-		-		770,7			999999		999999		999999		
543			Llegad(1)			272				1			97			770,53		1		0		0		0		-		778,5		-			999999		772,53		999999		
544			Llegad(2)			273				2			128			770,73		1		0		0		1		-		-		776,6			999999		772,53		999999		
545			salida(1)			272				1			97			772,53		-1		0		0		1		-		778,5		-			999999		999999		999999		
* Cliente (tipo 2) tomó servidor en el tiempo 772,530786314414 y se le asigno DT 774,530786314414
546			salida(2)			273				2			128			774,53		-1		0		0		0		-		-		776,6			999999		999999		999999		
547			Llegad(2)			274				2			129			776,67		2		0		0		0		-		-		782,4			999999		999999		778,67		
548			Llegad(1)			275				1			98			778,55		2		0		1		0		-		787,4		-			999999		999999		778,67		
549			salida(2)			274				2			129			778,67		1		0		0		0		-		-		782,4			999999		780,67		999999		
550			salida(1)			275				1			98			780,67		-1		0		0		0		-		787,4		-			999999		999999		999999		
551			Llegad(0)			276				0			49			780,88		0		0		0		0		799,3		-		-			782,88		999999		999999		
552			Llegad(2)			277				2			130			782,40		0		0		0		1		-		-		788,2			782,88		999999		999999		
553			salida(0)			276				0			49			782,88		-1		0		0		1		799,3		-		-			999999		999999		999999		
* Cliente (tipo 2) tomó servidor en el tiempo 782,882795295317 y se le asigno DT 784,882795295317
554			salida(2)			277				2			130			784,88		-1		0		0		0		-		-		788,2			999999		999999		999999		
555			Llegad(1)			278				1			99			787,47		1		0		0		0		-		795,5		-			999999		789,47		999999		
556			Llegad(2)			279				2			131			788,23		1		0		0		1		-		-		793,6			999999		789,47		999999		
557			salida(1)			278				1			99			789,47		-1		0		0		1		-		795,5		-			999999		999999		999999		
* Cliente (tipo 2) tomó servidor en el tiempo 789,475512442083 y se le asigno DT 791,475512442083
558			salida(2)			279				2			131			791,47		-1		0		0		0		-		-		793,6			999999		999999		999999		
559			Llegad(2)			280				2			132			793,63		2		0		0		0		-		-		800,4			999999		999999		795,63		
560			Llegad(1)			281				1			100			795,53		2		0		1		0		-		803,4		-			999999		999999		795,63		
561			salida(2)			280				2			132			795,63		1		0		0		0		-		-		800,4			999999		797,63		999999		
562			salida(1)			281				1			100			797,63		-1		0		0		0		-		803,4		-			999999		999999		999999		
563			Llegad(0)			282				0			50			799,32		0		0		0		0		812,2		-		-			801,32		999999		999999		
564			Llegad(2)			283				2			133			800,43		0		0		0		1		-		-		805,8			801,32		999999		999999		
565			salida(0)			282				0			50			801,32		-1		0		0		1		812,2		-		-			999999		999999		999999		
* Cliente (tipo 2) tomó servidor en el tiempo 801,329864923897 y se le asigno DT 803,329864923897
566			salida(2)			283				2			133			803,32		-1		0		0		0		-		-		805,8			999999		999999		999999		
567			Llegad(1)			284				1			101			803,43		1		0		0		0		-		810,6		-			999999		805,43		999999		
568			salida(1)			284				1			101			805,43		-1		0		0		0		-		810,6		-			999999		999999		999999		
569			Llegad(2)			285				2			134			805,88		2		0		0		0		-		-		812,1			999999		999999		807,88		
570			salida(2)			285				2			134			807,88		-1		0		0		0		-		-		812,1			999999		999999		999999		
571			Llegad(1)			286				1			102			810,68		1		0		0		0		-		818,3		-			999999		812,68		999999		
572			Llegad(2)			287				2			135			812,17		1		0		0		1		-		-		817,8			999999		812,68		999999		
573			Llegad(0)			288				0			51			812,22		1		1		0		1		826,9		-		-			999999		812,68		999999		
574			salida(1)			286				1			102			812,68		0		0		0		1		-		818,3		-			814,68		999999		999999		
575			salida(0)			288				0			51			814,68		-1		0		0		1		826,9		-		-			999999		999999		999999		
* Cliente (tipo 2) tomó servidor en el tiempo 814,682594443707 y se le asigno DT 816,682594443707
576			salida(2)			287				2			135			816,68		-1		0		0		0		-		-		817,8			999999		999999		999999		
577			Llegad(2)			289				2			136			817,89		2		0		0		0		-		-		824,2			999999		999999		819,89		
578			Llegad(1)			290				1			103			818,36		2		0		1		0		-		826,3		-			999999		999999		819,89		
579			salida(2)			289				2			136			819,89		1		0		0		0		-		-		824,2			999999		821,89		999999		
580			salida(1)			290				1			103			821,89		-1		0		0		0		-		826,3		-			999999		999999		999999		
581			Llegad(2)			291				2			137			824,28		2		0		0		0		-		-		830,1			999999		999999		826,28		
582			salida(2)			291				2			137			826,28		-1		0		0		0		-		-		830,1			999999		999999		999999		
583			Llegad(1)			292				1			104			826,34		1		0		0		0		-		834,7		-			999999		828,34		999999		
584			Llegad(0)			293				0			52			826,96		1		1		0		0		843,7		-		-			999999		828,34		999999		
585			salida(1)			292				1			104			828,34		0		0		0		0		-		834,7		-			830,34		999999		999999		
586			Llegad(2)			294				2			138			830,12		0		0		0		1		-		-		835,3			830,34		999999		999999		
587			salida(0)			293				0			52			830,34		-1		0		0		1		843,7		-		-			999999		999999		999999		
* Cliente (tipo 2) tomó servidor en el tiempo 830,349586908885 y se le asigno DT 832,349586908885
588			salida(2)			294				2			138			832,34		-1		0		0		0		-		-		835,3			999999		999999		999999		
589			Llegad(1)			295				1			105			834,75		1		0		0		0		-		843,5		-			999999		836,75		999999		
590			Llegad(2)			296				2			139			835,35		1		0		0		1		-		-		841,4			999999		836,75		999999		
591			salida(1)			295				1			105			836,75		-1		0		0		1		-		843,5		-			999999		999999		999999		
* Cliente (tipo 2) tomó servidor en el tiempo 836,751696286702 y se le asigno DT 838,751696286702
592			salida(2)			296				2			139			838,75		-1		0		0		0		-		-		841,4			999999		999999		999999		
593			Llegad(2)			297				2			140			841,47		2		0		0		0		-		-		847,7			999999		999999		843,47		
594			salida(2)			297				2			140			843,47		-1		0		0		0		-		-		847,7			999999		999999		999999		
595			Llegad(1)			298				1			106			843,57		1		0		0		0		-		851,0		-			999999		845,57		999999		
596			Llegad(0)			299				0			53			843,77		1		1		0		0		859,7		-		-			999999		845,57		999999		
597			salida(1)			298				1			106			845,57		0		0		0		0		-		851,0		-			847,57		999999		999999		
598			salida(0)			299				0			53			847,57		-1		0		0		0		859,7		-		-			999999		999999		999999		
599			Llegad(2)			300				2			141			847,72		2		0		0		0		-		-		853,4			999999		999999		849,72		
600			salida(2)			300				2			141			849,72		-1		0		0		0		-		-		853,4			999999		999999		999999		
601			Llegad(1)			301				1			107			851,02		1		0		0		0		-		860,0		-			999999		853,02		999999		
602			salida(1)			301				1			107			853,02		-1		0		0		0		-		860,0		-			999999		999999		999999		
603			Llegad(2)			302				2			142			853,44		2		0		0		0		-		-		859,6			999999		999999		855,44		
604			salida(2)			302				2			142			855,44		-1		0		0		0		-		-		859,6			999999		999999		999999		
605			Llegad(2)			303				2			143			859,60		2		0		0		0		-		-		866,1			999999		999999		861,60		
606			Llegad(0)			304				0			54			859,70		2		1		0		0		876,9		-		-			999999		999999		861,60		
607			Llegad(1)			305				1			108			860,07		2		1		1		0		-		867,7		-			999999		999999		861,60		
608			salida(2)			303				2			143			861,60		0		0		1		0		-		-		866,1			863,60		999999		999999		
609			salida(0)			304				0			54			863,60		-1		0		1		0		876,9		-		-			999999		999999		999999		
* Cliente (tipo 1) tomó servidor en el tiempo 863,605889031907 y se le asigno DT 865,605889031907
610			salida(1)			305				1			108			865,60		-1		0		0		0		-		867,7		-			999999		999999		999999		
611			Llegad(2)			306				2			144			866,19		2		0		0		0		-		-		872,1			999999		999999		868,19		
612			Llegad(1)			307				1			109			867,74		2		0		1		0		-		875,2		-			999999		999999		868,19		
613			salida(2)			306				2			144			868,19		1		0		0		0		-		-		872,1			999999		870,19		999999		
614			salida(1)			307				1			109			870,19		-1		0		0		0		-		875,2		-			999999		999999		999999		
615			Llegad(2)			308				2			145			872,16		2		0		0		0		-		-		878,6			999999		999999		874,16		
616			salida(2)			308				2			145			874,16		-1		0		0		0		-		-		878,6			999999		999999		999999		
617			Llegad(1)			309				1			110			875,26		1		0		0		0		-		884,5		-			999999		877,26		999999		
618			Llegad(0)			310				0			55			876,98		1		1		0		0		891,3		-		-			999999		877,26		999999		
619			salida(1)			309				1			110			877,26		0		0		0		0		-		884,5		-			879,26		999999		999999		
620			Llegad(2)			311				2			146			878,61		0		0		0		1		-		-		885,7			879,26		999999		999999		
621			salida(0)			310				0			55			879,26		-1		0		0		1		891,3		-		-			999999		999999		999999		
* Cliente (tipo 2) tomó servidor en el tiempo 879,264982263697 y se le asigno DT 881,264982263697
622			salida(2)			311				2			146			881,26		-1		0		0		0		-		-		885,7			999999		999999		999999		
623			Llegad(1)			312				1			111			884,51		1		0		0		0		-		892,5		-			999999		886,51		999999		
624			Llegad(2)			313				2			147			885,71		1		0		0		1		-		-		891,3			999999		886,51		999999		
625			salida(1)			312				1			111			886,51		-1		0		0		1		-		892,5		-			999999		999999		999999		
* Cliente (tipo 2) tomó servidor en el tiempo 886,513410326934 y se le asigno DT 888,513410326934
626			salida(2)			313				2			147			888,51		-1		0		0		0		-		-		891,3			999999		999999		999999		
627			Llegad(2)			314				2			148			891,34		2		0		0		0		-		-		897,4			999999		999999		893,34		
628			Llegad(0)			315				0			56			891,36		2		1		0		0		906,8		-		-			999999		999999		893,34		
629			Llegad(1)			316				1			112			892,57		2		1		1		0		-		898,5		-			999999		999999		893,34		
630			salida(2)			314				2			148			893,34		0		0		1		0		-		-		897,4			895,34		999999		999999		
631			salida(0)			315				0			56			895,34		-1		0		1		0		906,8		-		-			999999		999999		999999		
* Cliente (tipo 1) tomó servidor en el tiempo 895,34806296255 y se le asigno DT 897,34806296255
632			salida(1)			316				1			112			897,34		-1		0		0		0		-		898,5		-			999999		999999		999999		
633			Llegad(2)			317				2			149			897,45		2		0		0		0		-		-		902,6			999999		999999		899,45		
634			Llegad(1)			318				1			113			898,59		2		0		1		0		-		906,7		-			999999		999999		899,45		
635			salida(2)			317				2			149			899,45		1		0		0		0		-		-		902,6			999999		901,45		999999		
636			salida(1)			318				1			113			901,45		-1		0		0		0		-		906,7		-			999999		999999		999999		
637			Llegad(2)			319				2			150			902,65		2		0		0		0		-		-		908,5			999999		999999		904,65		
638			salida(2)			319				2			150			904,65		-1		0		0		0		-		-		908,5			999999		999999		999999		
639			Llegad(1)			320				1			114			906,73		1		0		0		0		-		914,6		-			999999		908,73		999999		
640			Llegad(0)			321				0			57			906,83		1		1		0		0		920,6		-		-			999999		908,73		999999		
641			Llegad(2)			322				2			151			908,55		1		1		0		1		-		-		914,3			999999		908,73		999999		
642			salida(1)			320				1			114			908,73		0		0		0		1		-		914,6		-			910,73		999999		999999		
643			salida(0)			321				0			57			910,73		-1		0		0		1		920,6		-		-			999999		999999		999999		
* Cliente (tipo 2) tomó servidor en el tiempo 910,73952521837 y se le asigno DT 912,73952521837
644			salida(2)			322				2			151			912,73		-1		0		0		0		-		-		914,3			999999		999999		999999		
645			Llegad(2)			323				2			152			914,30		2		0		0		0		-		-		920,4			999999		999999		916,30		
646			Llegad(1)			324				1			115			914,67		2		0		1		0		-		923,5		-			999999		999999		916,30		
647			salida(2)			323				2			152			916,30		1		0		0		0		-		-		920,4			999999		918,30		999999		
648			salida(1)			324				1			115			918,30		-1		0		0		0		-		923,5		-			999999		999999		999999		
649			Llegad(2)			325				2			153			920,46		2		0		0		0		-		-		926,9			999999		999999		922,46		
650			Llegad(0)			326				0			58			920,67		2		1		0		0		937,3		-		-			999999		999999		922,46		
651			salida(2)			325				2			153			922,46		0		0		0		0		-		-		926,9			924,46		999999		999999		
652			Llegad(1)			327				1			116			923,57		0		0		1		0		-		931,9		-			924,46		999999		999999		
653			salida(0)			326				0			58			924,46		-1		0		1		0		937,3		-		-			999999		999999		999999		
* Cliente (tipo 1) tomó servidor en el tiempo 924,464416909044 y se le asigno DT 926,464416909044
654			salida(1)			327				1			116			926,46		-1		0		0		0		-		931,9		-			999999		999999		999999		
655			Llegad(2)			328				2			154			926,90		2		0		0		0		-		-		932,8			999999		999999		928,90		
656			salida(2)			328				2			154			928,90		-1		0		0		0		-		-		932,8			999999		999999		999999		
657			Llegad(1)			329				1			117			931,93		1		0		0		0		-		940,1		-			999999		933,93		999999		
658			Llegad(2)			330				2			155			932,80		1		0		0		1		-		-		938,8			999999		933,93		999999		
659			salida(1)			329				1			117			933,93		-1		0		0		1		-		940,1		-			999999		999999		999999		
* Cliente (tipo 2) tomó servidor en el tiempo 933,936871484004 y se le asigno DT 935,936871484004
660			salida(2)			330				2			155			935,93		-1		0		0		0		-		-		938,8			999999		999999		999999		
661			Llegad(0)			331				0			59			937,35		0		0		0		0		951,8		-		-			939,35		999999		999999		
662			Llegad(2)			332				2			156			938,82		0		0		0		1		-		-		943,8			939,35		999999		999999		
663			salida(0)			331				0			59			939,35		-1		0		0		1		951,8		-		-			999999		999999		999999		
* Cliente (tipo 2) tomó servidor en el tiempo 939,359993637054 y se le asigno DT 941,359993637054
664			Llegad(1)			333				1			118			940,12		2		0		1		0		-		949,7		-			999999		999999		941,35		
665			salida(2)			332				2			156			941,35		1		0		0		0		-		-		943,8			999999		943,35		999999		
666			salida(1)			333				1			118			943,35		-1		0		0		0		-		949,7		-			999999		999999		999999		
667			Llegad(2)			334				2			157			943,83		2		0		0		0		-		-		949,4			999999		999999		945,83		
668			salida(2)			334				2			157			945,83		-1		0		0		0		-		-		949,4			999999		999999		999999		
669			Llegad(2)			335				2			158			949,49		2		0		0		0		-		-		955,3			999999		999999		951,49		
670			Llegad(1)			336				1			119			949,75		2		0		1		0		-		957,4		-			999999		999999		951,49		
671			salida(2)			335				2			158			951,49		1		0		0		0		-		-		955,3			999999		953,49		999999		
672			Llegad(0)			337				0			60			951,88		1		1		0		0		966,8		-		-			999999		953,49		999999		
673			salida(1)			336				1			119			953,49		0		0		0		0		-		957,4		-			955,49		999999		999999		
674			Llegad(2)			338				2			159			955,37		0		0		0		1		-		-		960,8			955,49		999999		999999		
675			salida(0)			337				0			60			955,49		-1		0		0		1		966,8		-		-			999999		999999		999999		
* Cliente (tipo 2) tomó servidor en el tiempo 955,499370093185 y se le asigno DT 957,499370093185
676			Llegad(1)			339				1			120			957,44		2		0		1		0		-		966,8		-			999999		999999		957,49		
677			salida(2)			338				2			159			957,49		1		0		0		0		-		-		960,8			999999		959,49		999999		
678			salida(1)			339				1			120			959,49		-1		0		0		0		-		966,8		-			999999		999999		999999		
679			Llegad(2)			340				2			160			960,80		2		0		0		0		-		-		967,5			999999		999999		962,80		
680			salida(2)			340				2			160			962,80		-1		0		0		0		-		-		967,5			999999		999999		999999		
681			Llegad(1)			341				1			121			966,80		1		0		0		0		-		973,6		-			999999		968,80		999999		
682			Llegad(0)			342				0			61			966,81		1		1		0		0		985,0		-		-			999999		968,80		999999		
683			Llegad(2)			343				2			161			967,58		1		1		0		1		-		-		973,1			999999		968,80		999999		
684			salida(1)			341				1			121			968,80		0		0		0		1		-		973,6		-			970,80		999999		999999		
685			salida(0)			342				0			61			970,80		-1		0		0		1		985,0		-		-			999999		999999		999999		
* Cliente (tipo 2) tomó servidor en el tiempo 970,801933229871 y se le asigno DT 972,801933229871
686			salida(2)			343				2			161			972,80		-1		0		0		0		-		-		973,1			999999		999999		999999		
687			Llegad(2)			344				2			162			973,11		2		0		0		0		-		-		979,0			999999		999999		975,11		
688			Llegad(1)			345				1			122			973,69		2		0		1		0		-		981,7		-			999999		999999		975,11		
689			salida(2)			344				2			162			975,11		1		0		0		0		-		-		979,0			999999		977,11		999999		
690			salida(1)			345				1			122			977,11		-1		0		0		0		-		981,7		-			999999		999999		999999		
691			Llegad(2)			346				2			163			979,05		2		0		0		0		-		-		984,2			999999		999999		981,05		
692			salida(2)			346				2			163			981,05		-1		0		0		0		-		-		984,2			999999		999999		999999		
693			Llegad(1)			347				1			123			981,72		1		0		0		0		-		989,7		-			999999		983,72		999999		
694			salida(1)			347				1			123			983,72		-1		0		0		0		-		989,7		-			999999		999999		999999		
695			Llegad(2)			348				2			164			984,26		2		0		0		0		-		-		990,3			999999		999999		986,26		
696			Llegad(0)			349				0			62			985,05		2		1		0		0		1002,		-		-			999999		999999		986,26		
697			salida(2)			348				2			164			986,26		0		0		0		0		-		-		990,3			988,26		999999		999999		
698			salida(0)			349				0			62			988,26		-1		0		0		0		1002,		-		-			999999		999999		999999		
699			Llegad(1)			350				1			124			989,71		1		0		0		0		-		997,4		-			999999		991,71		999999		
700			Llegad(2)			351				2			165			990,33		1		0		0		1		-		-		995,6			999999		991,71		999999		
701			salida(1)			350				1			124			991,71		-1		0		0		1		-		997,4		-			999999		999999		999999		
* Cliente (tipo 2) tomó servidor en el tiempo 991,718334018942 y se le asigno DT 993,718334018942
702			salida(2)			351				2			165			993,71		-1		0		0		0		-		-		995,6			999999		999999		999999		
703			Llegad(2)			352				2			166			995,66		2		0		0		0		-		-		1003,			999999		999999		997,66		
704			Llegad(1)			353				1			125			997,40		2		0		1		0		-		1005,		-			999999		999999		997,66		
705			salida(2)			352				2			166			997,66		1		0		0		0		-		-		1003,			999999		999,66		999999		
706			salida(1)			353				1			125			999,66		-1		0		0		0		-		1005,		-			999999		999999		999999		
707			Llegad(0)			354				0			63			1002,3		0		0		0		0		1018,		-		-			1004,3		999999		999999		
