Final del Evento	 Tipo de Evento		 Cliente Número General		 Tipo Cliente		 Número Cliente (Tipo)		 TM		 SS		 WL0		 WL1		 WL2		 AT0		 AT1		 AT2 (next)		 DT0		 DT1		 DT2
1			Llegad(0)			1				0			1			0,0001		0		0		0		0		17,76		-		-			2,0001		999999		999999		
2			salida(0)			1				0			1			2,0001		-1		0		0		0		17,76		-		-			999999		999999		999999		
3			Llegad(2)			2				2			1			4,8426		2		0		0		0		-		-		10,84			999999		999999		6,8426		
4			Llegad(1)			3				1			1			6,7392		2		0		1		0		-		13,71		-			999999		999999		6,8426		
5			salida(2)			2				2			1			6,8426		1		0		0		0		-		-		10,84			999999		8,8426		999999		
6			salida(1)			3				1			1			8,8426		-1		0		0		0		-		13,71		-			999999		999999		999999		
7			Llegad(2)			4				2			2			10,845		2		0		0		0		-		-		16,05			999999		999999		12,845		
8			salida(2)			4				2			2			12,845		-1		0		0		0		-		-		16,05			999999		999999		999999		
9			Llegad(1)			5				1			2			13,717		1		0		0		0		-		21,15		-			999999		15,717		999999		
10			salida(1)			5				1			2			15,717		-1		0		0		0		-		21,15		-			999999		999999		999999		
11			Llegad(2)			6				2			3			16,051		2		0		0		0		-		-		21,45			999999		999999		18,051		
12			Llegad(0)			7				0			2			17,769		2		1		0		0		34,18		-		-			999999		999999		18,051		
13			salida(2)			6				2			3			18,051		0		0		0		0		-		-		21,45			20,051		999999		999999		
14			salida(0)			7				0			2			20,051		-1		0		0		0		34,18		-		-			999999		999999		999999		
15			Llegad(1)			8				1			3			21,156		1		0		0		0		-		29,90		-			999999		23,156		999999		
16			Llegad(2)			9				2			4			21,459		1		0		0		1		-		-		26,96			999999		23,156		999999		
17			salida(1)			8				1			3			23,156		-1		0		0		1		-		29,90		-			999999		999999		999999		
* Cliente (tipo 2) tomó servidor en el tiempo 23,1567398026764 y se le asigno DT 25,1567398026764
18			salida(2)			9				2			4			25,156		-1		0		0		0		-		-		26,96			999999		999999		999999		
19			Llegad(2)			10				2			5			26,968		2		0		0		0		-		-		33,12			999999		999999		28,968		
20			salida(2)			10				2			5			28,968		-1		0		0		0		-		-		33,12			999999		999999		999999		
21			Llegad(1)			11				1			4			29,903		1		0		0		0		-		38,69		-			999999		31,903		999999		
22			salida(1)			11				1			4			31,903		-1		0		0		0		-		38,69		-			999999		999999		999999		
23			Llegad(2)			12				2			6			33,123		2		0		0		0		-		-		37,52			999999		999999		35,123		
24			Llegad(0)			13				0			3			34,182		2		1		0		0		50,48		-		-			999999		999999		35,123		
25			salida(2)			12				2			6			35,123		0		0		0		0		-		-		37,52			37,123		999999		999999		
26			salida(0)			13				0			3			37,123		-1		0		0		0		50,48		-		-			999999		999999		999999		
27			Llegad(2)			14				2			7			37,527		2		0		0		0		-		-		44,39			999999		999999		39,527		
28			Llegad(1)			15				1			5			38,692		2		0		1		0		-		45,53		-			999999		999999		39,527		
29			salida(2)			14				2			7			39,527		1		0		0		0		-		-		44,39			999999		41,527		999999		
30			salida(1)			15				1			5			41,527		-1		0		0		0		-		45,53		-			999999		999999		999999		
31			Llegad(2)			16				2			8			44,394		2		0		0		0		-		-		51,28			999999		999999		46,394		
32			Llegad(1)			17				1			6			45,535		2		0		1		0		-		55,63		-			999999		999999		46,394		
33			salida(2)			16				2			8			46,394		1		0		0		0		-		-		51,28			999999		48,394		999999		
34			salida(1)			17				1			6			48,394		-1		0		0		0		-		55,63		-			999999		999999		999999		
35			Llegad(0)			18				0			4			50,481		0		0		0		0		68,14		-		-			52,481		999999		999999		
36			Llegad(2)			19				2			9			51,280		0		0		0		1		-		-		57,17			52,481		999999		999999		
37			salida(0)			18				0			4			52,481		-1		0		0		1		68,14		-		-			999999		999999		999999		
* Cliente (tipo 2) tomó servidor en el tiempo 52,4812045177463 y se le asigno DT 54,4812045177463
38			salida(2)			19				2			9			54,481		-1		0		0		0		-		-		57,17			999999		999999		999999		
39			Llegad(1)			20				1			7			55,637		1		0		0		0		-		62,75		-			999999		57,637		999999		
40			Llegad(2)			21				2			10			57,179		1		0		0		1		-		-		63,22			999999		57,637		999999		
41			salida(1)			20				1			7			57,637		-1		0		0		1		-		62,75		-			999999		999999		999999		
* Cliente (tipo 2) tomó servidor en el tiempo 57,6375388019423 y se le asigno DT 59,6375388019423
42			salida(2)			21				2			10			59,637		-1		0		0		0		-		-		63,22			999999		999999		999999		
43			Llegad(1)			22				1			8			62,753		1		0		0		0		-		70,94		-			999999		64,753		999999		
44			Llegad(2)			23				2			11			63,220		1		0		0		1		-		-		69,65			999999		64,753		999999		
45			salida(1)			22				1			8			64,753		-1		0		0		1		-		70,94		-			999999		999999		999999		
* Cliente (tipo 2) tomó servidor en el tiempo 64,7536234716233 y se le asigno DT 66,7536234716233
46			salida(2)			23				2			11			66,753		-1		0		0		0		-		-		69,65			999999		999999		999999		
47			Llegad(0)			24				0			5			68,145		0		0		0		0		86,12		-		-			70,145		999999		999999		
48			Llegad(2)			25				2			12			69,653		0		0		0		1		-		-		75,51			70,145		999999		999999		
49			salida(0)			24				0			5			70,145		-1		0		0		1		86,12		-		-			999999		999999		999999		
* Cliente (tipo 2) tomó servidor en el tiempo 70,1451233741978 y se le asigno DT 72,1451233741978
50			Llegad(1)			26				1			9			70,940		2		0		1		0		-		79,41		-			999999		999999		72,145		
51			salida(2)			25				2			12			72,145		1		0		0		0		-		-		75,51			999999		74,145		999999		
52			salida(1)			26				1			9			74,145		-1		0		0		0		-		79,41		-			999999		999999		999999		
53			Llegad(2)			27				2			13			75,516		2		0		0		0		-		-		81,34			999999		999999		77,516		
54			salida(2)			27				2			13			77,516		-1		0		0		0		-		-		81,34			999999		999999		999999		
55			Llegad(1)			28				1			10			79,416		1		0		0		0		-		88,14		-			999999		81,416		999999		
56			Llegad(2)			29				2			14			81,347		1		0		0		1		-		-		88,37			999999		81,416		999999		
57			salida(1)			28				1			10			81,416		-1		0		0		1		-		88,14		-			999999		999999		999999		
* Cliente (tipo 2) tomó servidor en el tiempo 81,4160779558585 y se le asigno DT 83,4160779558585
58			salida(2)			29				2			14			83,416		-1		0		0		0		-		-		88,37			999999		999999		999999		
59			Llegad(0)			30				0			6			86,124		0		0		0		0		102,2		-		-			88,124		999999		999999		
60			salida(0)			30				0			6			88,124		-1		0		0		0		102,2		-		-			999999		999999		999999		
61			Llegad(1)			31				1			11			88,146		1		0		0		0		-		96,61		-			999999		90,146		999999		
62			Llegad(2)			32				2			15			88,375		1		0		0		1		-		-		94,90			999999		90,146		999999		
63			salida(1)			31				1			11			90,146		-1		0		0		1		-		96,61		-			999999		999999		999999		
* Cliente (tipo 2) tomó servidor en el tiempo 90,1466713675647 y se le asigno DT 92,1466713675647
64			salida(2)			32				2			15			92,146		-1		0		0		0		-		-		94,90			999999		999999		999999		
65			Llegad(2)			33				2			16			94,900		2		0		0		0		-		-		100,8			999999		999999		96,900		
66			Llegad(1)			34				1			12			96,616		2		0		1		0		-		104,8		-			999999		999999		96,900		
67			salida(2)			33				2			16			96,900		1		0		0		0		-		-		100,8			999999		98,900		999999		
68			salida(1)			34				1			12			98,900		-1		0		0		0		-		104,8		-			999999		999999		999999		
69			Llegad(2)			35				2			17			100,80		2		0		0		0		-		-		108,2			999999		999999		102,80		
70			Llegad(0)			36				0			7			102,25		2		1		0		0		118,4		-		-			999999		999999		102,80		
71			salida(2)			35				2			17			102,80		0		0		0		0		-		-		108,2			104,80		999999		999999		
72			salida(0)			36				0			7			104,80		-1		0		0		0		118,4		-		-			999999		999999		999999		
73			Llegad(1)			37				1			13			104,89		1		0		0		0		-		111,9		-			999999		106,89		999999		
74			salida(1)			37				1			13			106,89		-1		0		0		0		-		111,9		-			999999		999999		999999		
75			Llegad(2)			38				2			18			108,24		2		0		0		0		-		-		114,7			999999		999999		110,24		
76			salida(2)			38				2			18			110,24		-1		0		0		0		-		-		114,7			999999		999999		999999		
77			Llegad(1)			39				1			14			111,99		1		0		0		0		-		119,4		-			999999		113,99		999999		
78			salida(1)			39				1			14			113,99		-1		0		0		0		-		119,4		-			999999		999999		999999		
79			Llegad(2)			40				2			19			114,70		2		0		0		0		-		-		121,3			999999		999999		116,70		
80			salida(2)			40				2			19			116,70		-1		0		0		0		-		-		121,3			999999		999999		999999		
81			Llegad(0)			41				0			8			118,40		0		0		0		0		133,8		-		-			120,40		999999		999999		
82			Llegad(1)			42				1			15			119,48		0		0		1		0		-		127,4		-			120,40		999999		999999		
83			salida(0)			41				0			8			120,40		-1		0		1		0		133,8		-		-			999999		999999		999999		
* Cliente (tipo 1) tomó servidor en el tiempo 120,401431833947 y se le asigno DT 122,401431833947
84			Llegad(2)			43				2			20			121,34		1		0		0		1		-		-		127,9			999999		122,40		999999		
85			salida(1)			42				1			15			122,40		-1		0		0		1		-		127,4		-			999999		999999		999999		
* Cliente (tipo 2) tomó servidor en el tiempo 122,401431833947 y se le asigno DT 124,401431833947
86			salida(2)			43				2			20			124,40		-1		0		0		0		-		-		127,9			999999		999999		999999		
87			Llegad(1)			44				1			16			127,43		1		0		0		0		-		135,8		-			999999		129,43		999999		
88			Llegad(2)			45				2			21			127,96		1		0		0		1		-		-		133,5			999999		129,43		999999		
89			salida(1)			44				1			16			129,43		-1		0		0		1		-		135,8		-			999999		999999		999999		
* Cliente (tipo 2) tomó servidor en el tiempo 129,437008091928 y se le asigno DT 131,437008091928
90			salida(2)			45				2			21			131,43		-1		0		0		0		-		-		133,5			999999		999999		999999		
91			Llegad(2)			46				2			22			133,53		2		0		0		0		-		-		139,6			999999		999999		135,53		
92			Llegad(0)			47				0			9			133,87		2		1		0		0		147,5		-		-			999999		999999		135,53		
93			salida(2)			46				2			22			135,53		0		0		0		0		-		-		139,6			137,53		999999		999999		
94			Llegad(1)			48				1			17			135,86		0		0		1		0		-		142,5		-			137,53		999999		999999		
95			salida(0)			47				0			9			137,53		-1		0		1		0		147,5		-		-			999999		999999		999999		
* Cliente (tipo 1) tomó servidor en el tiempo 137,530520607817 y se le asigno DT 139,530520607817
96			salida(1)			48				1			17			139,53		-1		0		0		0		-		142,5		-			999999		999999		999999		
97			Llegad(2)			49				2			23			139,66		2		0		0		0		-		-		146,1			999999		999999		141,66		
98			salida(2)			49				2			23			141,66		-1		0		0		0		-		-		146,1			999999		999999		999999		
99			Llegad(1)			50				1			18			142,50		1		0		0		0		-		150,3		-			999999		144,50		999999		
100			salida(1)			50				1			18			144,50		-1		0		0		0		-		150,3		-			999999		999999		999999		
101			Llegad(2)			51				2			24			146,19		2		0		0		0		-		-		151,4			999999		999999		148,19		
102			Llegad(0)			52				0			10			147,52		2		1		0		0		163,3		-		-			999999		999999		148,19		
103			salida(2)			51				2			24			148,19		0		0		0		0		-		-		151,4			150,19		999999		999999		
104			salida(0)			52				0			10			150,19		-1		0		0		0		163,3		-		-			999999		999999		999999		
105			Llegad(1)			53				1			19			150,33		1		0		0		0		-		159,2		-			999999		152,33		999999		
106			Llegad(2)			54				2			25			151,46		1		0		0		1		-		-		158,4			999999		152,33		999999		
107			salida(1)			53				1			19			152,33		-1		0		0		1		-		159,2		-			999999		999999		999999		
* Cliente (tipo 2) tomó servidor en el tiempo 152,330062189438 y se le asigno DT 154,330062189438
108			salida(2)			54				2			25			154,33		-1		0		0		0		-		-		158,4			999999		999999		999999		
109			Llegad(2)			55				2			26			158,44		2		0		0		0		-		-		164,1			999999		999999		160,44		
110			Llegad(1)			56				1			20			159,29		2		0		1		0		-		168,4		-			999999		999999		160,44		
111			salida(2)			55				2			26			160,44		1		0		0		0		-		-		164,1			999999		162,44		999999		
112			salida(1)			56				1			20			162,44		-1		0		0		0		-		168,4		-			999999		999999		999999		
113			Llegad(0)			57				0			11			163,37		0		0		0		0		177,8		-		-			165,37		999999		999999		
114			Llegad(2)			58				2			27			164,19		0		0		0		1		-		-		170,2			165,37		999999		999999		
115			salida(0)			57				0			11			165,37		-1		0		0		1		177,8		-		-			999999		999999		999999		
* Cliente (tipo 2) tomó servidor en el tiempo 165,371081174502 y se le asigno DT 167,371081174502
116			salida(2)			58				2			27			167,37		-1		0		0		0		-		-		170,2			999999		999999		999999		
117			Llegad(1)			59				1			21			168,46		1		0		0		0		-		176,2		-			999999		170,46		999999		
118			Llegad(2)			60				2			28			170,21		1		0		0		1		-		-		176,2			999999		170,46		999999		
119			salida(1)			59				1			21			170,46		-1		0		0		1		-		176,2		-			999999		999999		999999		
* Cliente (tipo 2) tomó servidor en el tiempo 170,466768463311 y se le asigno DT 172,466768463311
120			salida(2)			60				2			28			172,46		-1		0		0		0		-		-		176,2			999999		999999		999999		
121			Llegad(1)			61				1			22			176,27		1		0		0		0		-		183,0		-			999999		178,27		999999		
122			Llegad(2)			62				2			29			176,29		1		0		0		1		-		-		182,0			999999		178,27		999999		
123			Llegad(0)			63				0			12			177,87		1		1		0		1		195,6		-		-			999999		178,27		999999		
124			salida(1)			61				1			22			178,27		0		0		0		1		-		183,0		-			180,27		999999		999999		
125			salida(0)			63				0			12			180,27		-1		0		0		1		195,6		-		-			999999		999999		999999		
* Cliente (tipo 2) tomó servidor en el tiempo 180,278897566776 y se le asigno DT 182,278897566776
126			Llegad(2)			64				2			30			182,07		2		0		0		1		-		-		188,1			999999		999999		182,27		
127			salida(2)			62				2			29			182,27		2		0		0		0		-		-		188,1			999999		999999		184,27		
128			Llegad(1)			65				1			23			183,00		2		0		1		0		-		191,8		-			999999		999999		184,27		
129			salida(2)			64				2			30			184,27		1		0		0		0		-		-		188,1			999999		186,27		999999		
130			salida(1)			65				1			23			186,27		-1		0		0		0		-		191,8		-			999999		999999		999999		
131			Llegad(2)			66				2			31			188,11		2		0		0		0		-		-		194,8			999999		999999		190,11		
132			salida(2)			66				2			31			190,11		-1		0		0		0		-		-		194,8			999999		999999		999999		
133			Llegad(1)			67				1			24			191,83		1		0		0		0		-		199,8		-			999999		193,83		999999		
134			salida(1)			67				1			24			193,83		-1		0		0		0		-		199,8		-			999999		999999		999999		
135			Llegad(2)			68				2			32			194,86		2		0		0		0		-		-		200,3			999999		999999		196,86		
136			Llegad(0)			69				0			13			195,61		2		1		0		0		210,5		-		-			999999		999999		196,86		
137			salida(2)			68				2			32			196,86		0		0		0		0		-		-		200,3			198,86		999999		999999		
138			salida(0)			69				0			13			198,86		-1		0		0		0		210,5		-		-			999999		999999		999999		
139			Llegad(1)			70				1			25			199,82		1		0		0		0		-		208,2		-			999999		201,82		999999		
140			Llegad(2)			71				2			33			200,35		1		0		0		1		-		-		206,5			999999		201,82		999999		
141			salida(1)			70				1			25			201,82		-1		0		0		1		-		208,2		-			999999		999999		999999		
* Cliente (tipo 2) tomó servidor en el tiempo 201,82919200823 y se le asigno DT 203,82919200823
142			salida(2)			71				2			33			203,82		-1		0		0		0		-		-		206,5			999999		999999		999999		
143			Llegad(2)			72				2			34			206,55		2		0		0		0		-		-		212,1			999999		999999		208,55		
144			Llegad(1)			73				1			26			208,23		2		0		1		0		-		216,4		-			999999		999999		208,55		
145			salida(2)			72				2			34			208,55		1		0		0		0		-		-		212,1			999999		210,55		999999		
146			salida(1)			73				1			26			210,55		-1		0		0		0		-		216,4		-			999999		999999		999999		
147			Llegad(0)			74				0			14			210,58		0		0		0		0		225,6		-		-			212,58		999999		999999		
148			Llegad(2)			75				2			35			212,14		0		0		0		1		-		-		218,1			212,58		999999		999999		
149			salida(0)			74				0			14			212,58		-1		0		0		1		225,6		-		-			999999		999999		999999		
* Cliente (tipo 2) tomó servidor en el tiempo 212,582595699484 y se le asigno DT 214,582595699484
150			salida(2)			75				2			35			214,58		-1		0		0		0		-		-		218,1			999999		999999		999999		
151			Llegad(1)			76				1			27			216,45		1		0		0		0		-		224,5		-			999999		218,45		999999		
152			Llegad(2)			77				2			36			218,16		1		0		0		1		-		-		222,9			999999		218,45		999999		
153			salida(1)			76				1			27			218,45		-1		0		0		1		-		224,5		-			999999		999999		999999		
* Cliente (tipo 2) tomó servidor en el tiempo 218,451828636777 y se le asigno DT 220,451828636777
154			salida(2)			77				2			36			220,45		-1		0		0		0		-		-		222,9			999999		999999		999999		
155			Llegad(2)			78				2			37			222,97		2		0		0		0		-		-		229,5			999999		999999		224,97		
156			Llegad(1)			79				1			28			224,51		2		0		1		0		-		232,5		-			999999		999999		224,97		
157			salida(2)			78				2			37			224,97		1		0		0		0		-		-		229,5			999999		226,97		999999		
158			Llegad(0)			80				0			15			225,66		1		1		0		0		241,1		-		-			999999		226,97		999999		
159			salida(1)			79				1			28			226,97		0		0		0		0		-		232,5		-			228,97		999999		999999		
160			salida(0)			80				0			15			228,97		-1		0		0		0		241,1		-		-			999999		999999		999999		
161			Llegad(2)			81				2			38			229,57		2		0		0		0		-		-		235,2			999999		999999		231,57		
162			salida(2)			81				2			38			231,57		-1		0		0		0		-		-		235,2			999999		999999		999999		
163			Llegad(1)			82				1			29			232,50		1		0		0		0		-		240,4		-			999999		234,50		999999		
164			salida(1)			82				1			29			234,50		-1		0		0		0		-		240,4		-			999999		999999		999999		
165			Llegad(2)			83				2			39			235,24		2		0		0		0		-		-		240,7			999999		999999		237,24		
166			salida(2)			83				2			39			237,24		-1		0		0		0		-		-		240,7			999999		999999		999999		
167			Llegad(1)			84				1			30			240,44		1		0		0		0		-		248,4		-			999999		242,44		999999		
168			Llegad(2)			85				2			40			240,73		1		0		0		1		-		-		246,4			999999		242,44		999999		
169			Llegad(0)			86				0			16			241,12		1		1		0		1		255,4		-		-			999999		242,44		999999		
170			salida(1)			84				1			30			242,44		0		0		0		1		-		248,4		-			244,44		999999		999999		
171			salida(0)			86				0			16			244,44		-1		0		0		1		255,4		-		-			999999		999999		999999		
* Cliente (tipo 2) tomó servidor en el tiempo 244,443742585179 y se le asigno DT 246,443742585179
172			salida(2)			85				2			40			246,44		-1		0		0		0		-		-		246,4			999999		999999		999999		
173			Llegad(2)			87				2			41			246,49		2		0		0		0		-		-		252,0			999999		999999		248,49		
174			Llegad(1)			88				1			31			248,48		2		0		1		0		-		256,0		-			999999		999999		248,49		
175			salida(2)			87				2			41			248,49		1		0		0		0		-		-		252,0			999999		250,49		999999		
176			salida(1)			88				1			31			250,49		-1		0		0		0		-		256,0		-			999999		999999		999999		
177			Llegad(2)			89				2			42			252,05		2		0		0		0		-		-		258,8			999999		999999		254,05		
178			salida(2)			89				2			42			254,05		-1		0		0		0		-		-		258,8			999999		999999		999999		
179			Llegad(0)			90				0			17			255,41		0		0		0		0		273,3		-		-			257,41		999999		999999		
180			Llegad(1)			91				1			32			256,05		0		0		1		0		-		263,9		-			257,41		999999		999999		
181			salida(0)			90				0			17			257,41		-1		0		1		0		273,3		-		-			999999		999999		999999		
* Cliente (tipo 1) tomó servidor en el tiempo 257,411372362391 y se le asigno DT 259,411372362391
182			Llegad(2)			92				2			43			258,86		1		0		0		1		-		-		265,2			999999		259,41		999999		
183			salida(1)			91				1			32			259,41		-1		0		0		1		-		263,9		-			999999		999999		999999		
* Cliente (tipo 2) tomó servidor en el tiempo 259,411372362391 y se le asigno DT 261,411372362391
184			salida(2)			92				2			43			261,41		-1		0		0		0		-		-		265,2			999999		999999		999999		
185			Llegad(1)			93				1			33			263,96		1		0		0		0		-		271,6		-			999999		265,96		999999		
186			Llegad(2)			94				2			44			265,25		1		0		0		1		-		-		271,7			999999		265,96		999999		
187			salida(1)			93				1			33			265,96		-1		0		0		1		-		271,6		-			999999		999999		999999		
* Cliente (tipo 2) tomó servidor en el tiempo 265,964845449994 y se le asigno DT 267,964845449994
188			salida(2)			94				2			44			267,96		-1		0		0		0		-		-		271,7			999999		999999		999999		
189			Llegad(1)			95				1			34			271,61		1		0		0		0		-		280,0		-			999999		273,61		999999		
190			Llegad(2)			96				2			45			271,78		1		0		0		1		-		-		277,6			999999		273,61		999999		
191			Llegad(0)			97				0			18			273,31		1		1		0		1		287,3		-		-			999999		273,61		999999		
192			salida(1)			95				1			34			273,61		0		0		0		1		-		280,0		-			275,61		999999		999999		
193			salida(0)			97				0			18			275,61		-1		0		0		1		287,3		-		-			999999		999999		999999		
* Cliente (tipo 2) tomó servidor en el tiempo 275,611585613997 y se le asigno DT 277,611585613997
194			salida(2)			96				2			45			277,61		-1		0		0		0		-		-		277,6			999999		999999		999999		
195			Llegad(2)			98				2			46			277,64		2		0		0		0		-		-		283,5			999999		999999		279,64		
196			salida(2)			98				2			46			279,64		-1		0		0		0		-		-		283,5			999999		999999		999999		
197			Llegad(1)			99				1			35			280,04		1		0		0		0		-		287,1		-			999999		282,04		999999		
198			salida(1)			99				1			35			282,04		-1		0		0		0		-		287,1		-			999999		999999		999999		
199			Llegad(2)			100				2			47			283,52		2		0		0		0		-		-		289,2			999999		999999		285,52		
200			salida(2)			100				2			47			285,52		-1		0		0		0		-		-		289,2			999999		999999		999999		
201			Llegad(1)			101				1			36			287,11		1		0		0		0		-		295,1		-			999999		289,11		999999		
202			Llegad(0)			102				0			19			287,34		1		1		0		0		306,4		-		-			999999		289,11		999999		
203			salida(1)			101				1			36			289,11		0		0		0		0		-		295,1		-			291,11		999999		999999		
204			Llegad(2)			103				2			48			289,27		0		0		0		1		-		-		294,4			291,11		999999		999999		
205			salida(0)			102				0			19			291,11		-1		0		0		1		306,4		-		-			999999		999999		999999		
* Cliente (tipo 2) tomó servidor en el tiempo 291,114660053867 y se le asigno DT 293,114660053867
206			salida(2)			103				2			48			293,11		-1		0		0		0		-		-		294,4			999999		999999		999999		
207			Llegad(2)			104				2			49			294,47		2		0		0		0		-		-		300,0			999999		999999		296,47		
208			Llegad(1)			105				1			37			295,14		2		0		1		0		-		303,5		-			999999		999999		296,47		
209			salida(2)			104				2			49			296,47		1		0		0		0		-		-		300,0			999999		298,47		999999		
210			salida(1)			105				1			37			298,47		-1		0		0		0		-		303,5		-			999999		999999		999999		
211			Llegad(2)			106				2			50			300,00		2		0		0		0		-		-		306,5			999999		999999		302,00		
212			salida(2)			106				2			50			302,00		-1		0		0		0		-		-		306,5			999999		999999		999999		
213			Llegad(1)			107				1			38			303,54		1		0		0		0		-		313,0		-			999999		305,54		999999		
214			salida(1)			107				1			38			305,54		-1		0		0		0		-		313,0		-			999999		999999		999999		
215			Llegad(0)			108				0			20			306,49		0		0		0		0		321,7		-		-			308,49		999999		999999		
216			Llegad(2)			109				2			51			306,50		0		0		0		1		-		-		313,5			308,49		999999		999999		
217			salida(0)			108				0			20			308,49		-1		0		0		1		321,7		-		-			999999		999999		999999		
* Cliente (tipo 2) tomó servidor en el tiempo 308,493120450592 y se le asigno DT 310,493120450592
218			salida(2)			109				2			51			310,49		-1		0		0		0		-		-		313,5			999999		999999		999999		
219			Llegad(1)			110				1			39			313,01		1		0		0		0		-		321,3		-			999999		315,01		999999		
220			Llegad(2)			111				2			52			313,56		1		0		0		1		-		-		319,5			999999		315,01		999999		
221			salida(1)			110				1			39			315,01		-1		0		0		1		-		321,3		-			999999		999999		999999		
* Cliente (tipo 2) tomó servidor en el tiempo 315,01434305456 y se le asigno DT 317,01434305456
222			salida(2)			111				2			52			317,01		-1		0		0		0		-		-		319,5			999999		999999		999999		
223			Llegad(2)			112				2			53			319,53		2		0		0		0		-		-		325,5			999999		999999		321,53		
224			Llegad(1)			113				1			40			321,38		2		0		1		0		-		331,2		-			999999		999999		321,53		
225			salida(2)			112				2			53			321,53		1		0		0		0		-		-		325,5			999999		323,53		999999		
226			Llegad(0)			114				0			21			321,76		1		1		0		0		336,1		-		-			999999		323,53		999999		
227			salida(1)			113				1			40			323,53		0		0		0		0		-		331,2		-			325,53		999999		999999		
228			Llegad(2)			115				2			54			325,50		0		0		0		1		-		-		330,9			325,53		999999		999999		
229			salida(0)			114				0			21			325,53		-1		0		0		1		336,1		-		-			999999		999999		999999		
* Cliente (tipo 2) tomó servidor en el tiempo 325,538125394268 y se le asigno DT 327,538125394268
230			salida(2)			115				2			54			327,53		-1		0		0		0		-		-		330,9			999999		999999		999999		
231			Llegad(2)			116				2			55			330,91		2		0		0		0		-		-		336,1			999999		999999		332,91		
232			Llegad(1)			117				1			41			331,20		2		0		1		0		-		339,2		-			999999		999999		332,91		
233			salida(2)			116				2			55			332,91		1		0		0		0		-		-		336,1			999999		334,91		999999		
234			salida(1)			117				1			41			334,91		-1		0		0		0		-		339,2		-			999999		999999		999999		
235			Llegad(0)			118				0			22			336,11		0		0		0		0		350,0		-		-			338,11		999999		999999		
236			Llegad(2)			119				2			56			336,12		0		0		0		1		-		-		342,0			338,11		999999		999999		
237			salida(0)			118				0			22			338,11		-1		0		0		1		350,0		-		-			999999		999999		999999		
* Cliente (tipo 2) tomó servidor en el tiempo 338,111635865968 y se le asigno DT 340,111635865968
238			Llegad(1)			120				1			42			339,29		2		0		1		0		-		349,5		-			999999		999999		340,11		
239			salida(2)			119				2			56			340,11		1		0		0		0		-		-		342,0			999999		342,11		999999		
240			Llegad(2)			121				2			57			342,05		1		0		0		1		-		-		348,1			999999		342,11		999999		
241			salida(1)			120				1			42			342,11		-1		0		0		1		-		349,5		-			999999		999999		999999		
* Cliente (tipo 2) tomó servidor en el tiempo 342,111635865968 y se le asigno DT 344,111635865968
242			salida(2)			121				2			57			344,11		-1		0		0		0		-		-		348,1			999999		999999		999999		
243			Llegad(2)			122				2			58			348,12		2		0		0		0		-		-		355,4			999999		999999		350,12		
244			Llegad(1)			123				1			43			349,56		2		0		1		0		-		356,4		-			999999		999999		350,12		
245			Llegad(0)			124				0			23			350,01		2		1		1		0		365,5		-		-			999999		999999		350,12		
246			salida(2)			122				2			58			350,12		0		0		1		0		-		-		355,4			352,12		999999		999999		
247			salida(0)			124				0			23			352,12		-1		0		1		0		365,5		-		-			999999		999999		999999		
* Cliente (tipo 1) tomó servidor en el tiempo 352,120431143235 y se le asigno DT 354,120431143235
248			salida(1)			123				1			43			354,12		-1		0		0		0		-		356,4		-			999999		999999		999999		
249			Llegad(2)			125				2			59			355,41		2		0		0		0		-		-		361,5			999999		999999		357,41		
250			Llegad(1)			126				1			44			356,46		2		0		1		0		-		364,4		-			999999		999999		357,41		
251			salida(2)			125				2			59			357,41		1		0		0		0		-		-		361,5			999999		359,41		999999		
252			salida(1)			126				1			44			359,41		-1		0		0		0		-		364,4		-			999999		999999		999999		
253			Llegad(2)			127				2			60			361,50		2		0		0		0		-		-		366,8			999999		999999		363,50		
254			salida(2)			127				2			60			363,50		-1		0		0		0		-		-		366,8			999999		999999		999999		
255			Llegad(1)			128				1			45			364,46		1		0		0		0		-		373,5		-			999999		366,46		999999		
256			Llegad(0)			129				0			24			365,52		1		1		0		0		383,1		-		-			999999		366,46		999999		
257			salida(1)			128				1			45			366,46		0		0		0		0		-		373,5		-			368,46		999999		999999		
258			Llegad(2)			130				2			61			366,84		0		0		0		1		-		-		372,2			368,46		999999		999999		
259			salida(0)			129				0			24			368,46		-1		0		0		1		383,1		-		-			999999		999999		999999		
* Cliente (tipo 2) tomó servidor en el tiempo 368,467761415416 y se le asigno DT 370,467761415416
260			salida(2)			130				2			61			370,46		-1		0		0		0		-		-		372,2			999999		999999		999999		
261			Llegad(2)			131				2			62			372,24		2		0		0		0		-		-		379,4			999999		999999		374,24		
262			Llegad(1)			132				1			46			373,52		2		0		1		0		-		381,1		-			999999		999999		374,24		
263			salida(2)			131				2			62			374,24		1		0		0		0		-		-		379,4			999999		376,24		999999		
264			salida(1)			132				1			46			376,24		-1		0		0		0		-		381,1		-			999999		999999		999999		
265			Llegad(2)			133				2			63			379,48		2		0		0		0		-		-		385,5			999999		999999		381,48		
266			Llegad(1)			134				1			47			381,10		2		0		1		0		-		388,7		-			999999		999999		381,48		
267			salida(2)			133				2			63			381,48		1		0		0		0		-		-		385,5			999999		383,48		999999		
268			Llegad(0)			135				0			25			383,10		1		1		0		0		398,7		-		-			999999		383,48		999999		
269			salida(1)			134				1			47			383,48		0		0		0		0		-		388,7		-			385,48		999999		999999		
270			salida(0)			135				0			25			385,48		-1		0		0		0		398,7		-		-			999999		999999		999999		
271			Llegad(2)			136				2			64			385,51		2		0		0		0		-		-		391,9			999999		999999		387,51		
272			salida(2)			136				2			64			387,51		-1		0		0		0		-		-		391,9			999999		999999		999999		
273			Llegad(1)			137				1			48			388,79		1		0		0		0		-		398,0		-			999999		390,79		999999		
274			salida(1)			137				1			48			390,79		-1		0		0		0		-		398,0		-			999999		999999		999999		
275			Llegad(2)			138				2			65			391,92		2		0		0		0		-		-		397,8			999999		999999		393,92		
276			salida(2)			138				2			65			393,92		-1		0		0		0		-		-		397,8			999999		999999		999999		
277			Llegad(2)			139				2			66			397,83		2		0		0		0		-		-		403,5			999999		999999		399,83		
278			Llegad(1)			140				1			49			398,00		2		0		1		0		-		405,6		-			999999		999999		399,83		
279			Llegad(0)			141				0			26			398,79		2		1		1		0		418,2		-		-			999999		999999		399,83		
280			salida(2)			139				2			66			399,83		0		0		1		0		-		-		403,5			401,83		999999		999999		
281			salida(0)			141				0			26			401,83		-1		0		1		0		418,2		-		-			999999		999999		999999		
* Cliente (tipo 1) tomó servidor en el tiempo 401,831437416145 y se le asigno DT 403,831437416145
282			Llegad(2)			142				2			67			403,54		1		0		0		1		-		-		409,9			999999		403,83		999999		
283			salida(1)			140				1			49			403,83		-1		0		0		1		-		405,6		-			999999		999999		999999		
* Cliente (tipo 2) tomó servidor en el tiempo 403,831437416145 y se le asigno DT 405,831437416145
284			Llegad(1)			143				1			50			405,65		2		0		1		0		-		413,0		-			999999		999999		405,83		
285			salida(2)			142				2			67			405,83		1		0		0		0		-		-		409,9			999999		407,83		999999		
286			salida(1)			143				1			50			407,83		-1		0		0		0		-		413,0		-			999999		999999		999999		
287			Llegad(2)			144				2			68			409,95		2		0		0		0		-		-		415,8			999999		999999		411,95		
288			salida(2)			144				2			68			411,95		-1		0		0		0		-		-		415,8			999999		999999		999999		
289			Llegad(1)			145				1			51			413,06		1		0		0		0		-		422,4		-			999999		415,06		999999		
290			salida(1)			145				1			51			415,06		-1		0		0		0		-		422,4		-			999999		999999		999999		
291			Llegad(2)			146				2			69			415,83		2		0		0		0		-		-		421,5			999999		999999		417,83		
292			salida(2)			146				2			69			417,83		-1		0		0		0		-		-		421,5			999999		999999		999999		
293			Llegad(0)			147				0			27			418,24		0		0		0		0		437,3		-		-			420,24		999999		999999		
294			salida(0)			147				0			27			420,24		-1		0		0		0		437,3		-		-			999999		999999		999999		
295			Llegad(2)			148				2			70			421,58		2		0		0		0		-		-		427,9			999999		999999		423,58		
296			Llegad(1)			149				1			52			422,46		2		0		1		0		-		430,3		-			999999		999999		423,58		
297			salida(2)			148				2			70			423,58		1		0		0		0		-		-		427,9			999999		425,58		999999		
298			salida(1)			149				1			52			425,58		-1		0		0		0		-		430,3		-			999999		999999		999999		
299			Llegad(2)			150				2			71			427,96		2		0		0		0		-		-		434,4			999999		999999		429,96		
300			salida(2)			150				2			71			429,96		-1		0		0		0		-		-		434,4			999999		999999		999999		
301			Llegad(1)			151				1			53			430,37		1		0		0		0		-		438,4		-			999999		432,37		999999		
302			salida(1)			151				1			53			432,37		-1		0		0		0		-		438,4		-			999999		999999		999999		
303			Llegad(2)			152				2			72			434,46		2		0		0		0		-		-		441,6			999999		999999		436,46		
304			salida(2)			152				2			72			436,46		-1		0		0		0		-		-		441,6			999999		999999		999999		
305			Llegad(0)			153				0			28			437,39		0		0		0		0		455,5		-		-			439,39		999999		999999		
306			Llegad(1)			154				1			54			438,43		0		0		1		0		-		447,6		-			439,39		999999		999999		
307			salida(0)			153				0			28			439,39		-1		0		1		0		455,5		-		-			999999		999999		999999		
* Cliente (tipo 1) tomó servidor en el tiempo 439,391033014587 y se le asigno DT 441,391033014587
308			salida(1)			154				1			54			441,39		-1		0		0		0		-		447,6		-			999999		999999		999999		
309			Llegad(2)			155				2			73			441,61		2		0		0		0		-		-		447,8			999999		999999		443,61		
310			salida(2)			155				2			73			443,61		-1		0		0		0		-		-		447,8			999999		999999		999999		
311			Llegad(1)			156				1			55			447,65		1		0		0		0		-		455,3		-			999999		449,65		999999		
312			Llegad(2)			157				2			74			447,87		1		0		0		1		-		-		453,7			999999		449,65		999999		
313			salida(1)			156				1			55			449,65		-1		0		0		1		-		455,3		-			999999		999999		999999		
* Cliente (tipo 2) tomó servidor en el tiempo 449,652411714413 y se le asigno DT 451,652411714413
314			salida(2)			157				2			74			451,65		-1		0		0		0		-		-		453,7			999999		999999		999999		
315			Llegad(2)			158				2			75			453,70		2		0		0		0		-		-		459,0			999999		999999		455,70		
316			Llegad(1)			159				1			56			455,39		2		0		1		0		-		462,7		-			999999		999999		455,70		
317			Llegad(0)			160				0			29			455,59		2		1		1		0		470,6		-		-			999999		999999		455,70		
318			salida(2)			158				2			75			455,70		0		0		1		0		-		-		459,0			457,70		999999		999999		
319			salida(0)			160				0			29			457,70		-1		0		1		0		470,6		-		-			999999		999999		999999		
* Cliente (tipo 1) tomó servidor en el tiempo 457,704644729937 y se le asigno DT 459,704644729937
320			Llegad(2)			161				2			76			459,06		1		0		0		1		-		-		466,4			999999		459,70		999999		
321			salida(1)			159				1			56			459,70		-1		0		0		1		-		462,7		-			999999		999999		999999		
* Cliente (tipo 2) tomó servidor en el tiempo 459,704644729937 y se le asigno DT 461,704644729937
322			salida(2)			161				2			76			461,70		-1		0		0		0		-		-		466,4			999999		999999		999999		
323			Llegad(1)			162				1			57			462,74		1		0		0		0		-		469,6		-			999999		464,74		999999		
324			salida(1)			162				1			57			464,74		-1		0		0		0		-		469,6		-			999999		999999		999999		
325			Llegad(2)			163				2			77			466,42		2		0		0		0		-		-		472,6			999999		999999		468,42		
326			salida(2)			163				2			77			468,42		-1		0		0		0		-		-		472,6			999999		999999		999999		
327			Llegad(1)			164				1			58			469,68		1		0		0		0		-		477,3		-			999999		471,68		999999		
328			Llegad(0)			165				0			30			470,69		1		1		0		0		487,2		-		-			999999		471,68		999999		
329			salida(1)			164				1			58			471,68		0		0		0		0		-		477,3		-			473,68		999999		999999		
330			Llegad(2)			166				2			78			472,67		0		0		0		1		-		-		478,0			473,68		999999		999999		
331			salida(0)			165				0			30			473,68		-1		0		0		1		487,2		-		-			999999		999999		999999		
* Cliente (tipo 2) tomó servidor en el tiempo 473,681170417854 y se le asigno DT 475,681170417854
332			salida(2)			166				2			78			475,68		-1		0		0		0		-		-		478,0			999999		999999		999999		
333			Llegad(1)			167				1			59			477,33		1		0		0		0		-		483,7		-			999999		479,33		999999		
334			Llegad(2)			168				2			79			478,05		1		0		0		1		-		-		484,5			999999		479,33		999999		
335			salida(1)			167				1			59			479,33		-1		0		0		1		-		483,7		-			999999		999999		999999		
* Cliente (tipo 2) tomó servidor en el tiempo 479,334198110899 y se le asigno DT 481,334198110899
336			salida(2)			168				2			79			481,33		-1		0		0		0		-		-		484,5			999999		999999		999999		
337			Llegad(1)			169				1			60			483,71		1		0		0		0		-		492,2		-			999999		485,71		999999		
338			Llegad(2)			170				2			80			484,52		1		0		0		1		-		-		491,6			999999		485,71		999999		
339			salida(1)			169				1			60			485,71		-1		0		0		1		-		492,2		-			999999		999999		999999		
* Cliente (tipo 2) tomó servidor en el tiempo 485,716651209464 y se le asigno DT 487,716651209464
340			Llegad(0)			171				0			31			487,22		2		1		0		0		501,1		-		-			999999		999999		487,71		
341			salida(2)			170				2			80			487,71		0		0		0		0		-		-		491,6			489,71		999999		999999		
342			salida(0)			171				0			31			489,71		-1		0		0		0		501,1		-		-			999999		999999		999999		
343			Llegad(2)			172				2			81			491,68		2		0		0		0		-		-		497,8			999999		999999		493,68		
344			Llegad(1)			173				1			61			492,26		2		0		1		0		-		500,5		-			999999		999999		493,68		
345			salida(2)			172				2			81			493,68		1		0		0		0		-		-		497,8			999999		495,68		999999		
346			salida(1)			173				1			61			495,68		-1		0		0		0		-		500,5		-			999999		999999		999999		
347			Llegad(2)			174				2			82			497,80		2		0		0		0		-		-		502,9			999999		999999		499,80		
348			salida(2)			174				2			82			499,80		-1		0		0		0		-		-		502,9			999999		999999		999999		
349			Llegad(1)			175				1			62			500,57		1		0		0		0		-		507,9		-			999999		502,57		999999		
350			Llegad(0)			176				0			32			501,10		1		1		0		0		516,8		-		-			999999		502,57		999999		
351			salida(1)			175				1			62			502,57		0		0		0		0		-		507,9		-			504,57		999999		999999		
352			Llegad(2)			177				2			83			502,99		0		0		0		1		-		-		510,5			504,57		999999		999999		
353			salida(0)			176				0			32			504,57		-1		0		0		1		516,8		-		-			999999		999999		999999		
* Cliente (tipo 2) tomó servidor en el tiempo 504,573159197289 y se le asigno DT 506,573159197289
354			salida(2)			177				2			83			506,57		-1		0		0		0		-		-		510,5			999999		999999		999999		
355			Llegad(1)			178				1			63			507,97		1		0		0		0		-		517,4		-			999999		509,97		999999		
356			salida(1)			178				1			63			509,97		-1		0		0		0		-		517,4		-			999999		999999		999999		
357			Llegad(2)			179				2			84			510,50		2		0		0		0		-		-		516,4			999999		999999		512,50		
358			salida(2)			179				2			84			512,50		-1		0		0		0		-		-		516,4			999999		999999		999999		
359			Llegad(2)			180				2			85			516,45		2		0		0		0		-		-		521,7			999999		999999		518,45		
360			Llegad(0)			181				0			33			516,84		2		1		0		0		530,5		-		-			999999		999999		518,45		
361			Llegad(1)			182				1			64			517,46		2		1		1		0		-		525,9		-			999999		999999		518,45		
362			salida(2)			180				2			85			518,45		0		0		1		0		-		-		521,7			520,45		999999		999999		
363			salida(0)			181				0			33			520,45		-1		0		1		0		530,5		-		-			999999		999999		999999		
* Cliente (tipo 1) tomó servidor en el tiempo 520,456346955314 y se le asigno DT 522,456346955314
364			Llegad(2)			183				2			86			521,73		1		0		0		1		-		-		528,3			999999		522,45		999999		
365			salida(1)			182				1			64			522,45		-1		0		0		1		-		525,9		-			999999		999999		999999		
* Cliente (tipo 2) tomó servidor en el tiempo 522,456346955314 y se le asigno DT 524,456346955314
366			salida(2)			183				2			86			524,45		-1		0		0		0		-		-		528,3			999999		999999		999999		
367			Llegad(1)			184				1			65			525,90		1		0		0		0		-		532,8		-			999999		527,90		999999		
368			salida(1)			184				1			65			527,90		-1		0		0		0		-		532,8		-			999999		999999		999999		
369			Llegad(2)			185				2			87			528,39		2		0		0		0		-		-		534,7			999999		999999		530,39		
370			salida(2)			185				2			87			530,39		-1		0		0		0		-		-		534,7			999999		999999		999999		
371			Llegad(0)			186				0			34			530,53		0		0		0		0		548,8		-		-			532,53		999999		999999		
372			salida(0)			186				0			34			532,53		-1		0		0		0		548,8		-		-			999999		999999		999999		
373			Llegad(1)			187				1			66			532,81		1		0		0		0		-		540,5		-			999999		534,81		999999		
374			Llegad(2)			188				2			88			534,71		1		0		0		1		-		-		540,2			999999		534,81		999999		
375			salida(1)			187				1			66			534,81		-1		0		0		1		-		540,5		-			999999		999999		999999		
* Cliente (tipo 2) tomó servidor en el tiempo 534,812496834704 y se le asigno DT 536,812496834704
376			salida(2)			188				2			88			536,81		-1		0		0		0		-		-		540,2			999999		999999		999999		
377			Llegad(2)			189				2			89			540,20		2		0		0		0		-		-		545,8			999999		999999		542,20		
378			Llegad(1)			190				1			67			540,57		2		0		1		0		-		548,1		-			999999		999999		542,20		
379			salida(2)			189				2			89			542,20		1		0		0		0		-		-		545,8			999999		544,20		999999		
380			salida(1)			190				1			67			544,20		-1		0		0		0		-		548,1		-			999999		999999		999999		
381			Llegad(2)			191				2			90			545,85		2		0		0		0		-		-		552,4			999999		999999		547,85		
382			salida(2)			191				2			90			547,85		-1		0		0		0		-		-		552,4			999999		999999		999999		
383			Llegad(1)			192				1			68			548,19		1		0		0		0		-		556,8		-			999999		550,19		999999		
384			Llegad(0)			193				0			35			548,85		1		1		0		0		563,8		-		-			999999		550,19		999999		
385			salida(1)			192				1			68			550,19		0		0		0		0		-		556,8		-			552,19		999999		999999		
386			salida(0)			193				0			35			552,19		-1		0		0		0		563,8		-		-			999999		999999		999999		
387			Llegad(2)			194				2			91			552,48		2		0		0		0		-		-		558,1			999999		999999		554,48		
388			salida(2)			194				2			91			554,48		-1		0		0		0		-		-		558,1			999999		999999		999999		
389			Llegad(1)			195				1			69			556,84		1		0		0		0		-		565,7		-			999999		558,84		999999		
390			Llegad(2)			196				2			92			558,18		1		0		0		1		-		-		563,7			999999		558,84		999999		
391			salida(1)			195				1			69			558,84		-1		0		0		1		-		565,7		-			999999		999999		999999		
* Cliente (tipo 2) tomó servidor en el tiempo 558,840087243607 y se le asigno DT 560,840087243607
392			salida(2)			196				2			92			560,84		-1		0		0		0		-		-		563,7			999999		999999		999999		
393			Llegad(2)			197				2			93			563,70		2		0		0		0		-		-		570,0			999999		999999		565,70		
394			Llegad(0)			198				0			36			563,84		2		1		0		0		578,4		-		-			999999		999999		565,70		
395			salida(2)			197				2			93			565,70		0		0		0		0		-		-		570,0			567,70		999999		999999		
396			Llegad(1)			199				1			70			565,74		0		0		1		0		-		573,8		-			567,70		999999		999999		
397			salida(0)			198				0			36			567,70		-1		0		1		0		578,4		-		-			999999		999999		999999		
* Cliente (tipo 1) tomó servidor en el tiempo 567,709052314971 y se le asigno DT 569,709052314971
398			salida(1)			199				1			70			569,70		-1		0		0		0		-		573,8		-			999999		999999		999999		
399			Llegad(2)			200				2			94			570,07		2		0		0		0		-		-		574,9			999999		999999		572,07		
400			salida(2)			200				2			94			572,07		-1		0		0		0		-		-		574,9			999999		999999		999999		
401			Llegad(1)			201				1			71			573,82		1		0		0		0		-		581,4		-			999999		575,82		999999		
402			Llegad(2)			202				2			95			574,99		1		0		0		1		-		-		581,1			999999		575,82		999999		
403			salida(1)			201				1			71			575,82		-1		0		0		1		-		581,4		-			999999		999999		999999		
* Cliente (tipo 2) tomó servidor en el tiempo 575,829633946715 y se le asigno DT 577,829633946715
404			salida(2)			202				2			95			577,82		-1		0		0		0		-		-		581,1			999999		999999		999999		
405			Llegad(0)			203				0			37			578,40		0		0		0		0		592,9		-		-			580,40		999999		999999		
406			salida(0)			203				0			37			580,40		-1		0		0		0		592,9		-		-			999999		999999		999999		
407			Llegad(2)			204				2			96			581,16		2		0		0		0		-		-		587,8			999999		999999		583,16		
408			Llegad(1)			205				1			72			581,43		2		0		1		0		-		589,5		-			999999		999999		583,16		
409			salida(2)			204				2			96			583,16		1		0		0		0		-		-		587,8			999999		585,16		999999		
410			salida(1)			205				1			72			585,16		-1		0		0		0		-		589,5		-			999999		999999		999999		
411			Llegad(2)			206				2			97			587,80		2		0		0		0		-		-		593,1			999999		999999		589,80		
412			Llegad(1)			207				1			73			589,57		2		0		1		0		-		599,5		-			999999		999999		589,80		
413			salida(2)			206				2			97			589,80		1		0		0		0		-		-		593,1			999999		591,80		999999		
414			salida(1)			207				1			73			591,80		-1		0		0		0		-		599,5		-			999999		999999		999999		
415			Llegad(0)			208				0			38			592,93		0		0		0		0		610,5		-		-			594,93		999999		999999		
416			Llegad(2)			209				2			98			593,12		0		0		0		1		-		-		600,0			594,93		999999		999999		
417			salida(0)			208				0			38			594,93		-1		0		0		1		610,5		-		-			999999		999999		999999		
* Cliente (tipo 2) tomó servidor en el tiempo 594,93032853167 y se le asigno DT 596,93032853167
418			salida(2)			209				2			98			596,93		-1		0		0		0		-		-		600,0			999999		999999		999999		
419			Llegad(1)			210				1			74			599,51		1		0		0		0		-		608,7		-			999999		601,51		999999		
420			Llegad(2)			211				2			99			600,03		1		0		0		1		-		-		605,3			999999		601,51		999999		
421			salida(1)			210				1			74			601,51		-1		0		0		1		-		608,7		-			999999		999999		999999		
* Cliente (tipo 2) tomó servidor en el tiempo 601,514966601635 y se le asigno DT 603,514966601635
422			salida(2)			211				2			99			603,51		-1		0		0		0		-		-		605,3			999999		999999		999999		
423			Llegad(2)			212				2			100			605,33		2		0		0		0		-		-		610,3			999999		999999		607,33		
424			salida(2)			212				2			100			607,33		-1		0		0		0		-		-		610,3			999999		999999		999999		
425			Llegad(1)			213				1			75			608,70		1		0		0		0		-		617,8		-			999999		610,70		999999		
426			Llegad(2)			214				2			101			610,39		1		0		0		1		-		-		617,2			999999		610,70		999999		
427			Llegad(0)			215				0			39			610,58		1		1		0		1		624,8		-		-			999999		610,70		999999		
428			salida(1)			213				1			75			610,70		0		0		0		1		-		617,8		-			612,70		999999		999999		
429			salida(0)			215				0			39			612,70		-1		0		0		1		624,8		-		-			999999		999999		999999		
* Cliente (tipo 2) tomó servidor en el tiempo 612,705675200607 y se le asigno DT 614,705675200607
430			salida(2)			214				2			101			614,70		-1		0		0		0		-		-		617,2			999999		999999		999999		
431			Llegad(2)			216				2			102			617,22		2		0		0		0		-		-		623,4			999999		999999		619,22		
432			Llegad(1)			217				1			76			617,84		2		0		1		0		-		624,9		-			999999		999999		619,22		
433			salida(2)			216				2			102			619,22		1		0		0		0		-		-		623,4			999999		621,22		999999		
434			salida(1)			217				1			76			621,22		-1		0		0		0		-		624,9		-			999999		999999		999999		
435			Llegad(2)			218				2			103			623,48		2		0		0		0		-		-		629,2			999999		999999		625,48		
436			Llegad(0)			219				0			40			624,81		2		1		0		0		641,6		-		-			999999		999999		625,48		
437			Llegad(1)			220				1			77			624,96		2		1		1		0		-		633,2		-			999999		999999		625,48		
438			salida(2)			218				2			103			625,48		0		0		1		0		-		-		629,2			627,48		999999		999999		
439			salida(0)			219				0			40			627,48		-1		0		1		0		641,6		-		-			999999		999999		999999		
* Cliente (tipo 1) tomó servidor en el tiempo 627,480867442771 y se le asigno DT 629,480867442771
440			Llegad(2)			221				2			104			629,26		1		0		0		1		-		-		634,7			999999		629,48		999999		
441			salida(1)			220				1			77			629,48		-1		0		0		1		-		633,2		-			999999		999999		999999		
* Cliente (tipo 2) tomó servidor en el tiempo 629,480867442771 y se le asigno DT 631,480867442771
442			salida(2)			221				2			104			631,48		-1		0		0		0		-		-		634,7			999999		999999		999999		
443			Llegad(1)			222				1			78			633,21		1		0		0		0		-		641,1		-			999999		635,21		999999		
444			Llegad(2)			223				2			105			634,78		1		0		0		1		-		-		639,7			999999		635,21		999999		
445			salida(1)			222				1			78			635,21		-1		0		0		1		-		641,1		-			999999		999999		999999		
* Cliente (tipo 2) tomó servidor en el tiempo 635,212441569262 y se le asigno DT 637,212441569262
446			salida(2)			223				2			105			637,21		-1		0		0		0		-		-		639,7			999999		999999		999999		
447			Llegad(2)			224				2			106			639,79		2		0		0		0		-		-		645,4			999999		999999		641,79		
448			Llegad(1)			225				1			79			641,14		2		0		1		0		-		647,8		-			999999		999999		641,79		
449			Llegad(0)			226				0			41			641,69		2		1		1		0		660,0		-		-			999999		999999		641,79		
450			salida(2)			224				2			106			641,79		0		0		1		0		-		-		645,4			643,79		999999		999999		
451			salida(0)			226				0			41			643,79		-1		0		1		0		660,0		-		-			999999		999999		999999		
* Cliente (tipo 1) tomó servidor en el tiempo 643,797414647972 y se le asigno DT 645,797414647972
452			Llegad(2)			227				2			107			645,45		1		0		0		1		-		-		652,1			999999		645,79		999999		
453			salida(1)			225				1			79			645,79		-1		0		0		1		-		647,8		-			999999		999999		999999		
* Cliente (tipo 2) tomó servidor en el tiempo 645,797414647972 y se le asigno DT 647,797414647972
454			salida(2)			227				2			107			647,79		-1		0		0		0		-		-		652,1			999999		999999		999999		
455			Llegad(1)			228				1			80			647,84		1		0		0		0		-		655,4		-			999999		649,84		999999		
456			salida(1)			228				1			80			649,84		-1		0		0		0		-		655,4		-			999999		999999		999999		
457			Llegad(2)			229				2			108			652,13		2		0		0		0		-		-		658,5			999999		999999		654,13		
458			salida(2)			229				2			108			654,13		-1		0		0		0		-		-		658,5			999999		999999		999999		
459			Llegad(1)			230				1			81			655,48		1		0		0		0		-		662,7		-			999999		657,48		999999		
460			salida(1)			230				1			81			657,48		-1		0		0		0		-		662,7		-			999999		999999		999999		
461			Llegad(2)			231				2			109			658,52		2		0		0		0		-		-		663,9			999999		999999		660,52		
462			Llegad(0)			232				0			42			660,08		2		1		0		0		677,1		-		-			999999		999999		660,52		
463			salida(2)			231				2			109			660,52		0		0		0		0		-		-		663,9			662,52		999999		999999		
464			salida(0)			232				0			42			662,52		-1		0		0		0		677,1		-		-			999999		999999		999999		
465			Llegad(1)			233				1			82			662,74		1		0		0		0		-		671,4		-			999999		664,74		999999		
466			Llegad(2)			234				2			110			663,92		1		0		0		1		-		-		669,6			999999		664,74		999999		
467			salida(1)			233				1			82			664,74		-1		0		0		1		-		671,4		-			999999		999999		999999		
* Cliente (tipo 2) tomó servidor en el tiempo 664,740618263665 y se le asigno DT 666,740618263665
468			salida(2)			234				2			110			666,74		-1		0		0		0		-		-		669,6			999999		999999		999999		
469			Llegad(2)			235				2			111			669,66		2		0		0		0		-		-		675,2			999999		999999		671,66		
470			Llegad(1)			236				1			83			671,44		2		0		1		0		-		680,1		-			999999		999999		671,66		
471			salida(2)			235				2			111			671,66		1		0		0		0		-		-		675,2			999999		673,66		999999		
472			salida(1)			236				1			83			673,66		-1		0		0		0		-		680,1		-			999999		999999		999999		
473			Llegad(2)			237				2			112			675,21		2		0		0		0		-		-		681,6			999999		999999		677,21		
474			Llegad(0)			238				0			43			677,14		2		1		0		0		691,7		-		-			999999		999999		677,21		
475			salida(2)			237				2			112			677,21		0		0		0		0		-		-		681,6			679,21		999999		999999		
476			salida(0)			238				0			43			679,21		-1		0		0		0		691,7		-		-			999999		999999		999999		
477			Llegad(1)			239				1			84			680,12		1		0		0		0		-		687,9		-			999999		682,12		999999		
478			Llegad(2)			240				2			113			681,69		1		0		0		1		-		-		687,5			999999		682,12		999999		
479			salida(1)			239				1			84			682,12		-1		0		0		1		-		687,9		-			999999		999999		999999		
* Cliente (tipo 2) tomó servidor en el tiempo 682,125381345489 y se le asigno DT 684,125381345489
480			salida(2)			240				2			113			684,12		-1		0		0		0		-		-		687,5			999999		999999		999999		
481			Llegad(2)			241				2			114			687,53		2		0		0		0		-		-		692,9			999999		999999		689,53		
482			Llegad(1)			242				1			85			687,98		2		0		1		0		-		695,5		-			999999		999999		689,53		
483			salida(2)			241				2			114			689,53		1		0		0		0		-		-		692,9			999999		691,53		999999		
484			salida(1)			242				1			85			691,53		-1		0		0		0		-		695,5		-			999999		999999		999999		
485			Llegad(0)			243				0			44			691,74		0		0		0		0		705,3		-		-			693,74		999999		999999		
486			Llegad(2)			244				2			115			692,91		0		0		0		1		-		-		699,2			693,74		999999		999999		
487			salida(0)			243				0			44			693,74		-1		0		0		1		705,3		-		-			999999		999999		999999		
* Cliente (tipo 2) tomó servidor en el tiempo 693,749988378614 y se le asigno DT 695,749988378614
488			Llegad(1)			245				1			86			695,52		2		0		1		0		-		705,1		-			999999		999999		695,74		
489			salida(2)			244				2			115			695,74		1		0		0		0		-		-		699,2			999999		697,74		999999		
490			salida(1)			245				1			86			697,74		-1		0		0		0		-		705,1		-			999999		999999		999999		
491			Llegad(2)			246				2			116			699,26		2		0		0		0		-		-		705,5			999999		999999		701,26		
492			salida(2)			246				2			116			701,26		-1		0		0		0		-		-		705,5			999999		999999		999999		
493			Llegad(1)			247				1			87			705,10		1		0		0		0		-		712,5		-			999999		707,10		999999		
494			Llegad(0)			248				0			45			705,31		1		1		0		0		720,0		-		-			999999		707,10		999999		
495			Llegad(2)			249				2			117			705,54		1		1		0		1		-		-		710,6			999999		707,10		999999		
496			salida(1)			247				1			87			707,10		0		0		0		1		-		712,5		-			709,10		999999		999999		
497			salida(0)			248				0			45			709,10		-1		0		0		1		720,0		-		-			999999		999999		999999		
* Cliente (tipo 2) tomó servidor en el tiempo 709,108415133529 y se le asigno DT 711,108415133529
498			Llegad(2)			250				2			118			710,69		2		0		0		1		-		-		716,7			999999		999999		711,10		
499			salida(2)			249				2			117			711,10		2		0		0		0		-		-		716,7			999999		999999		713,10		
500			Llegad(1)			251				1			88			712,54		2		0		1		0		-		720,2		-			999999		999999		713,10		
501			salida(2)			250				2			118			713,10		1		0		0		0		-		-		716,7			999999		715,10		999999		
502			salida(1)			251				1			88			715,10		-1		0		0		0		-		720,2		-			999999		999999		999999		
503			Llegad(2)			252				2			119			716,76		2		0		0		0		-		-		723,4			999999		999999		718,76		
504			salida(2)			252				2			119			718,76		-1		0		0		0		-		-		723,4			999999		999999		999999		
505			Llegad(0)			253				0			46			720,04		0		0		0		0		734,9		-		-			722,04		999999		999999		
506			Llegad(1)			254				1			89			720,27		0		0		1		0		-		727,7		-			722,04		999999		999999		
507			salida(0)			253				0			46			722,04		-1		0		1		0		734,9		-		-			999999		999999		999999		
* Cliente (tipo 1) tomó servidor en el tiempo 722,045295760895 y se le asigno DT 724,045295760895
508			Llegad(2)			255				2			120			723,48		1		0		0		1		-		-		729,7			999999		724,04		999999		
509			salida(1)			254				1			89			724,04		-1		0		0		1		-		727,7		-			999999		999999		999999		
* Cliente (tipo 2) tomó servidor en el tiempo 724,045295760895 y se le asigno DT 726,045295760895
510			salida(2)			255				2			120			726,04		-1		0		0		0		-		-		729,7			999999		999999		999999		
511			Llegad(1)			256				1			90			727,76		1		0		0		0		-		734,8		-			999999		729,76		999999		
512			Llegad(2)			257				2			121			729,70		1		0		0		1		-		-		734,7			999999		729,76		999999		
513			salida(1)			256				1			90			729,76		-1		0		0		1		-		734,8		-			999999		999999		999999		
* Cliente (tipo 2) tomó servidor en el tiempo 729,763920366393 y se le asigno DT 731,763920366393
514			salida(2)			257				2			121			731,76		-1		0		0		0		-		-		734,7			999999		999999		999999		
515			Llegad(2)			258				2			122			734,79		2		0		0		0		-		-		740,1			999999		999999		736,79		
516			Llegad(1)			259				1			91			734,80		2		0		1		0		-		743,0		-			999999		999999		736,79		
517			Llegad(0)			260				0			47			734,98		2		1		1		0		750,8		-		-			999999		999999		736,79		
518			salida(2)			258				2			122			736,79		0		0		1		0		-		-		740,1			738,79		999999		999999		
519			salida(0)			260				0			47			738,79		-1		0		1		0		750,8		-		-			999999		999999		999999		
* Cliente (tipo 1) tomó servidor en el tiempo 738,798747124353 y se le asigno DT 740,798747124353
520			Llegad(2)			261				2			123			740,14		1		0		0		1		-		-		747,0			999999		740,79		999999		
521			salida(1)			259				1			91			740,79		-1		0		0		1		-		743,0		-			999999		999999		999999		
* Cliente (tipo 2) tomó servidor en el tiempo 740,798747124353 y se le asigno DT 742,798747124353
522			salida(2)			261				2			123			742,79		-1		0		0		0		-		-		747,0			999999		999999		999999		
523			Llegad(1)			262				1			92			743,07		1		0		0		0		-		751,5		-			999999		745,07		999999		
524			salida(1)			262				1			92			745,07		-1		0		0		0		-		751,5		-			999999		999999		999999		
525			Llegad(2)			263				2			124			747,02		2		0		0		0		-		-		752,0			999999		999999		749,02		
526			salida(2)			263				2			124			749,02		-1		0		0		0		-		-		752,0			999999		999999		999999		
527			Llegad(0)			264				0			48			750,80		0		0		0		0		766,8		-		-			752,80		999999		999999		
528			Llegad(1)			265				1			93			751,53		0		0		1		0		-		759,4		-			752,80		999999		999999		
529			Llegad(2)			266				2			125			752,05		0		0		1		1		-		-		758,0			752,80		999999		999999		
530			salida(0)			264				0			48			752,80		-1		0		1		1		766,8		-		-			999999		999999		999999		
* Cliente (tipo 1) tomó servidor en el tiempo 752,807399401074 y se le asigno DT 754,807399401074
531			salida(1)			265				1			93			754,80		-1		0		0		1		-		759,4		-			999999		999999		999999		
* Cliente (tipo 2) tomó servidor en el tiempo 754,807399401074 y se le asigno DT 756,807399401074
532			salida(2)			266				2			125			756,80		-1		0		0		0		-		-		758,0			999999		999999		999999		
533			Llegad(2)			267				2			126			758,04		2		0		0		0		-		-		763,4			999999		999999		760,04		
534			Llegad(1)			268				1			94			759,47		2		0		1		0		-		766,5		-			999999		999999		760,04		
535			salida(2)			267				2			126			760,04		1		0		0		0		-		-		763,4			999999		762,04		999999		
536			salida(1)			268				1			94			762,04		-1		0		0		0		-		766,5		-			999999		999999		999999		
537			Llegad(2)			269				2			127			763,43		2		0		0		0		-		-		770,3			999999		999999		765,43		
538			salida(2)			269				2			127			765,43		-1		0		0		0		-		-		770,3			999999		999999		999999		
539			Llegad(1)			270				1			95			766,55		1		0		0		0		-		773,7		-			999999		768,55		999999		
540			Llegad(0)			271				0			49			766,84		1		1		0		0		780,8		-		-			999999		768,55		999999		
541			salida(1)			270				1			95			768,55		0		0		0		0		-		773,7		-			770,55		999999		999999		
542			Llegad(2)			272				2			128			770,31		0		0		0		1		-		-		776,2			770,55		999999		999999		
543			salida(0)			271				0			49			770,55		-1		0		0		1		780,8		-		-			999999		999999		999999		
* Cliente (tipo 2) tomó servidor en el tiempo 770,555299116143 y se le asigno DT 772,555299116143
544			salida(2)			272				2			128			772,55		-1		0		0		0		-		-		776,2			999999		999999		999999		
545			Llegad(1)			273				1			96			773,73		1		0		0		0		-		782,1		-			999999		775,73		999999		
546			salida(1)			273				1			96			775,73		-1		0		0		0		-		782,1		-			999999		999999		999999		
547			Llegad(2)			274				2			129			776,29		2		0		0		0		-		-		783,6			999999		999999		778,29		
548			salida(2)			274				2			129			778,29		-1		0		0		0		-		-		783,6			999999		999999		999999		
549			Llegad(0)			275				0			50			780,84		0		0		0		0		798,9		-		-			782,84		999999		999999		
550			Llegad(1)			276				1			97			782,17		0		0		1		0		-		789,4		-			782,84		999999		999999		
551			salida(0)			275				0			50			782,84		-1		0		1		0		798,9		-		-			999999		999999		999999		
* Cliente (tipo 1) tomó servidor en el tiempo 782,845537323828 y se le asigno DT 784,845537323828
552			Llegad(2)			277				2			130			783,67		1		0		0		1		-		-		790,1			999999		784,84		999999		
553			salida(1)			276				1			97			784,84		-1		0		0		1		-		789,4		-			999999		999999		999999		
* Cliente (tipo 2) tomó servidor en el tiempo 784,845537323828 y se le asigno DT 786,845537323828
554			salida(2)			277				2			130			786,84		-1		0		0		0		-		-		790,1			999999		999999		999999		
555			Llegad(1)			278				1			98			789,45		1		0		0		0		-		798,5		-			999999		791,45		999999		
556			Llegad(2)			279				2			131			790,12		1		0		0		1		-		-		795,7			999999		791,45		999999		
557			salida(1)			278				1			98			791,45		-1		0		0		1		-		798,5		-			999999		999999		999999		
* Cliente (tipo 2) tomó servidor en el tiempo 791,455758956302 y se le asigno DT 793,455758956302
558			salida(2)			279				2			131			793,45		-1		0		0		0		-		-		795,7			999999		999999		999999		
559			Llegad(2)			280				2			132			795,74		2		0		0		0		-		-		801,3			999999		999999		797,74		
560			salida(2)			280				2			132			797,74		-1		0		0		0		-		-		801,3			999999		999999		999999		
561			Llegad(1)			281				1			99			798,54		1		0		0		0		-		806,1		-			999999		800,54		999999		
562			Llegad(0)			282				0			51			798,92		1		1		0		0		813,1		-		-			999999		800,54		999999		
563			salida(1)			281				1			99			800,54		0		0		0		0		-		806,1		-			802,54		999999		999999		
564			Llegad(2)			283				2			133			801,39		0		0		0		1		-		-		806,1			802,54		999999		999999		
565			salida(0)			282				0			51			802,54		-1		0		0		1		813,1		-		-			999999		999999		999999		
* Cliente (tipo 2) tomó servidor en el tiempo 802,545714326143 y se le asigno DT 804,545714326143
566			salida(2)			283				2			133			804,54		-1		0		0		0		-		-		806,1			999999		999999		999999		
567			Llegad(1)			284				1			100			806,14		1		0		0		0		-		814,4		-			999999		808,14		999999		
568			Llegad(2)			285				2			134			806,19		1		0		0		1		-		-		812,9			999999		808,14		999999		
569			salida(1)			284				1			100			808,14		-1		0		0		1		-		814,4		-			999999		999999		999999		
* Cliente (tipo 2) tomó servidor en el tiempo 808,14316900743 y se le asigno DT 810,14316900743
570			salida(2)			285				2			134			810,14		-1		0		0		0		-		-		812,9			999999		999999		999999		
571			Llegad(2)			286				2			135			812,98		2		0		0		0		-		-		820,3			999999		999999		814,98		
572			Llegad(0)			287				0			52			813,19		2		1		0		0		832,0		-		-			999999		999999		814,98		
573			Llegad(1)			288				1			101			814,43		2		1		1		0		-		822,7		-			999999		999999		814,98		
574			salida(2)			286				2			135			814,98		0		0		1		0		-		-		820,3			816,98		999999		999999		
575			salida(0)			287				0			52			816,98		-1		0		1		0		832,0		-		-			999999		999999		999999		
* Cliente (tipo 1) tomó servidor en el tiempo 816,981939870231 y se le asigno DT 818,981939870231
576			salida(1)			288				1			101			818,98		-1		0		0		0		-		822,7		-			999999		999999		999999		
577			Llegad(2)			289				2			136			820,39		2		0		0		0		-		-		825,9			999999		999999		822,39		
578			salida(2)			289				2			136			822,39		-1		0		0		0		-		-		825,9			999999		999999		999999		
579			Llegad(1)			290				1			102			822,77		1		0		0		0		-		830,4		-			999999		824,77		999999		
580			salida(1)			290				1			102			824,77		-1		0		0		0		-		830,4		-			999999		999999		999999		
581			Llegad(2)			291				2			137			825,95		2		0		0		0		-		-		831,3			999999		999999		827,95		
582			salida(2)			291				2			137			827,95		-1		0		0		0		-		-		831,3			999999		999999		999999		
583			Llegad(1)			292				1			103			830,44		1		0		0		0		-		838,6		-			999999		832,44		999999		
584			Llegad(2)			293				2			138			831,39		1		0		0		1		-		-		837,8			999999		832,44		999999		
585			Llegad(0)			294				0			53			832,08		1		1		0		1		848,0		-		-			999999		832,44		999999		
586			salida(1)			292				1			103			832,44		0		0		0		1		-		838,6		-			834,44		999999		999999		
587			salida(0)			294				0			53			834,44		-1		0		0		1		848,0		-		-			999999		999999		999999		
* Cliente (tipo 2) tomó servidor en el tiempo 834,449072173299 y se le asigno DT 836,449072173299
588			salida(2)			293				2			138			836,44		-1		0		0		0		-		-		837,8			999999		999999		999999		
589			Llegad(2)			295				2			139			837,82		2		0		0		0		-		-		844,0			999999		999999		839,82		
590			Llegad(1)			296				1			104			838,64		2		0		1		0		-		845,2		-			999999		999999		839,82		
591			salida(2)			295				2			139			839,82		1		0		0		0		-		-		844,0			999999		841,82		999999		
592			salida(1)			296				1			104			841,82		-1		0		0		0		-		845,2		-			999999		999999		999999		
593			Llegad(2)			297				2			140			844,01		2		0		0		0		-		-		850,3			999999		999999		846,01		
594			Llegad(1)			298				1			105			845,20		2		0		1		0		-		854,1		-			999999		999999		846,01		
595			salida(2)			297				2			140			846,01		1		0		0		0		-		-		850,3			999999		848,01		999999		
596			salida(1)			298				1			105			848,01		-1		0		0		0		-		854,1		-			999999		999999		999999		
597			Llegad(0)			299				0			54			848,07		0		0		0		0		863,9		-		-			850,07		999999		999999		
598			salida(0)			299				0			54			850,07		-1		0		0		0		863,9		-		-			999999		999999		999999		
599			Llegad(2)			300				2			141			850,39		2		0		0		0		-		-		855,9			999999		999999		852,39		
600			salida(2)			300				2			141			852,39		-1		0		0		0		-		-		855,9			999999		999999		999999		
601			Llegad(1)			301				1			106			854,16		1		0		0		0		-		861,8		-			999999		856,16		999999		
602			Llegad(2)			302				2			142			855,92		1		0		0		1		-		-		862,3			999999		856,16		999999		
603			salida(1)			301				1			106			856,16		-1		0		0		1		-		861,8		-			999999		999999		999999		
* Cliente (tipo 2) tomó servidor en el tiempo 856,162617589162 y se le asigno DT 858,162617589162
604			salida(2)			302				2			142			858,16		-1		0		0		0		-		-		862,3			999999		999999		999999		
605			Llegad(1)			303				1			107			861,83		1		0		0		0		-		870,5		-			999999		863,83		999999		
606			Llegad(2)			304				2			143			862,31		1		0		0		1		-		-		868,9			999999		863,83		999999		
607			salida(1)			303				1			107			863,83		-1		0		0		1		-		870,5		-			999999		999999		999999		
* Cliente (tipo 2) tomó servidor en el tiempo 863,831103653029 y se le asigno DT 865,831103653029
608			Llegad(0)			305				0			55			863,92		2		1		0		0		880,9		-		-			999999		999999		865,83		
609			salida(2)			304				2			143			865,83		0		0		0		0		-		-		868,9			867,83		999999		999999		
610			salida(0)			305				0			55			867,83		-1		0		0		0		880,9		-		-			999999		999999		999999		
611			Llegad(2)			306				2			144			868,96		2		0		0		0		-		-		875,0			999999		999999		870,96		
612			Llegad(1)			307				1			108			870,57		2		0		1		0		-		878,8		-			999999		999999		870,96		
613			salida(2)			306				2			144			870,96		1		0		0		0		-		-		875,0			999999		872,96		999999		
614			salida(1)			307				1			108			872,96		-1		0		0		0		-		878,8		-			999999		999999		999999		
615			Llegad(2)			308				2			145			875,00		2		0		0		0		-		-		881,2			999999		999999		877,00		
616			salida(2)			308				2			145			877,00		-1		0		0		0		-		-		881,2			999999		999999		999999		
617			Llegad(1)			309				1			109			878,89		1		0		0		0		-		887,0		-			999999		880,89		999999		
618			salida(1)			309				1			109			880,89		-1		0		0		0		-		887,0		-			999999		999999		999999		
619			Llegad(0)			310				0			56			880,94		0		0		0		0		895,4		-		-			882,94		999999		999999		
620			Llegad(2)			311				2			146			881,27		0		0		0		1		-		-		887,2			882,94		999999		999999		
621			salida(0)			310				0			56			882,94		-1		0		0		1		895,4		-		-			999999		999999		999999		
* Cliente (tipo 2) tomó servidor en el tiempo 882,949920650434 y se le asigno DT 884,949920650434
622			salida(2)			311				2			146			884,94		-1		0		0		0		-		-		887,2			999999		999999		999999		
623			Llegad(1)			312				1			110			887,09		1		0		0		0		-		895,0		-			999999		889,09		999999		
624			Llegad(2)			313				2			147			887,26		1		0		0		1		-		-		892,7			999999		889,09		999999		
625			salida(1)			312				1			110			889,09		-1		0		0		1		-		895,0		-			999999		999999		999999		
* Cliente (tipo 2) tomó servidor en el tiempo 889,092404966077 y se le asigno DT 891,092404966077
626			salida(2)			313				2			147			891,09		-1		0		0		0		-		-		892,7			999999		999999		999999		
627			Llegad(2)			314				2			148			892,74		2		0		0		0		-		-		898,4			999999		999999		894,74		
628			salida(2)			314				2			148			894,74		-1		0		0		0		-		-		898,4			999999		999999		999999		
629			Llegad(1)			315				1			111			895,09		1		0		0		0		-		903,7		-			999999		897,09		999999		
630			Llegad(0)			316				0			57			895,46		1		1		0		0		911,0		-		-			999999		897,09		999999		
631			salida(1)			315				1			111			897,09		0		0		0		0		-		903,7		-			899,09		999999		999999		
632			Llegad(2)			317				2			149			898,46		0		0		0		1		-		-		905,2			899,09		999999		999999		
633			salida(0)			316				0			57			899,09		-1		0		0		1		911,0		-		-			999999		999999		999999		
* Cliente (tipo 2) tomó servidor en el tiempo 899,097786838448 y se le asigno DT 901,097786838448
634			salida(2)			317				2			149			901,09		-1		0		0		0		-		-		905,2			999999		999999		999999		
635			Llegad(1)			318				1			112			903,76		1		0		0		0		-		911,9		-			999999		905,76		999999		
636			Llegad(2)			319				2			150			905,25		1		0		0		1		-		-		911,6			999999		905,76		999999		
637			salida(1)			318				1			112			905,76		-1		0		0		1		-		911,9		-			999999		999999		999999		
* Cliente (tipo 2) tomó servidor en el tiempo 905,764293640445 y se le asigno DT 907,764293640445
638			salida(2)			319				2			150			907,76		-1		0		0		0		-		-		911,6			999999		999999		999999		
639			Llegad(0)			320				0			58			911,07		0		0		0		0		926,3		-		-			913,07		999999		999999		
640			Llegad(2)			321				2			151			911,69		0		0		0		1		-		-		917,7			913,07		999999		999999		
641			Llegad(1)			322				1			113			911,99		0		0		1		1		-		920,6		-			913,07		999999		999999		
642			salida(0)			320				0			58			913,07		-1		0		1		1		926,3		-		-			999999		999999		999999		
* Cliente (tipo 1) tomó servidor en el tiempo 913,079652320656 y se le asigno DT 915,079652320656
643			salida(1)			322				1			113			915,07		-1		0		0		1		-		920,6		-			999999		999999		999999		
* Cliente (tipo 2) tomó servidor en el tiempo 915,079652320656 y se le asigno DT 917,079652320656
644			salida(2)			321				2			151			917,07		-1		0		0		0		-		-		917,7			999999		999999		999999		
645			Llegad(2)			323				2			152			917,72		2		0		0		0		-		-		923,2			999999		999999		919,72		
646			salida(2)			323				2			152			919,72		-1		0		0		0		-		-		923,2			999999		999999		999999		
647			Llegad(1)			324				1			114			920,66		1		0		0		0		-		928,7		-			999999		922,66		999999		
648			salida(1)			324				1			114			922,66		-1		0		0		0		-		928,7		-			999999		999999		999999		
649			Llegad(2)			325				2			153			923,23		2		0		0		0		-		-		928,8			999999		999999		925,23		
650			salida(2)			325				2			153			925,23		-1		0		0		0		-		-		928,8			999999		999999		999999		
651			Llegad(0)			326				0			59			926,33		0		0		0		0		940,9		-		-			928,33		999999		999999		
652			salida(0)			326				0			59			928,33		-1		0		0		0		940,9		-		-			999999		999999		999999		
653			Llegad(1)			327				1			115			928,73		1		0		0		0		-		936,8		-			999999		930,73		999999		
654			Llegad(2)			328				2			154			928,80		1		0		0		1		-		-		933,6			999999		930,73		999999		
655			salida(1)			327				1			115			930,73		-1		0		0		1		-		936,8		-			999999		999999		999999		
* Cliente (tipo 2) tomó servidor en el tiempo 930,731168151952 y se le asigno DT 932,731168151952
656			salida(2)			328				2			154			932,73		-1		0		0		0		-		-		933,6			999999		999999		999999		
657			Llegad(2)			329				2			155			933,68		2		0		0		0		-		-		939,0			999999		999999		935,68		
658			salida(2)			329				2			155			935,68		-1		0		0		0		-		-		939,0			999999		999999		999999		
659			Llegad(1)			330				1			116			936,83		1		0		0		0		-		944,4		-			999999		938,83		999999		
660			salida(1)			330				1			116			938,83		-1		0		0		0		-		944,4		-			999999		999999		999999		
661			Llegad(2)			331				2			156			939,00		2		0		0		0		-		-		945,4			999999		999999		941,00		
662			Llegad(0)			332				0			60			940,98		2		1		0		0		956,5		-		-			999999		999999		941,00		
663			salida(2)			331				2			156			941,00		0		0		0		0		-		-		945,4			943,00		999999		999999		
664			salida(0)			332				0			60			943,00		-1		0		0		0		956,5		-		-			999999		999999		999999		
665			Llegad(1)			333				1			117			944,49		1		0		0		0		-		951,7		-			999999		946,49		999999		
666			Llegad(2)			334				2			157			945,47		1		0		0		1		-		-		951,8			999999		946,49		999999		
667			salida(1)			333				1			117			946,49		-1		0		0		1		-		951,7		-			999999		999999		999999		
* Cliente (tipo 2) tomó servidor en el tiempo 946,496351802932 y se le asigno DT 948,496351802932
668			salida(2)			334				2			157			948,49		-1		0		0		0		-		-		951,8			999999		999999		999999		
669			Llegad(1)			335				1			118			951,77		1		0		0		0		-		958,4		-			999999		953,77		999999		
670			Llegad(2)			336				2			158			951,81		1		0		0		1		-		-		957,4			999999		953,77		999999		
671			salida(1)			335				1			118			953,77		-1		0		0		1		-		958,4		-			999999		999999		999999		
* Cliente (tipo 2) tomó servidor en el tiempo 953,778431779116 y se le asigno DT 955,778431779116
672			salida(2)			336				2			158			955,77		-1		0		0		0		-		-		957,4			999999		999999		999999		
673			Llegad(0)			337				0			61			956,50		0		0		0		0		972,7		-		-			958,50		999999		999999		
674			Llegad(2)			338				2			159			957,43		0		0		0		1		-		-		963,3			958,50		999999		999999		
675			Llegad(1)			339				1			119			958,46		0		0		1		1		-		966,0		-			958,50		999999		999999		
676			salida(0)			337				0			61			958,50		-1		0		1		1		972,7		-		-			999999		999999		999999		
* Cliente (tipo 1) tomó servidor en el tiempo 958,501103266269 y se le asigno DT 960,501103266269
677			salida(1)			339				1			119			960,50		-1		0		0		1		-		966,0		-			999999		999999		999999		
* Cliente (tipo 2) tomó servidor en el tiempo 960,501103266269 y se le asigno DT 962,501103266269
678			salida(2)			338				2			159			962,50		-1		0		0		0		-		-		963,3			999999		999999		999999		
679			Llegad(2)			340				2			160			963,36		2		0		0		0		-		-		969,6			999999		999999		965,36		
680			salida(2)			340				2			160			965,36		-1		0		0		0		-		-		969,6			999999		999999		999999		
681			Llegad(1)			341				1			120			966,02		1		0		0		0		-		974,1		-			999999		968,02		999999		
682			salida(1)			341				1			120			968,02		-1		0		0		0		-		974,1		-			999999		999999		999999		
683			Llegad(2)			342				2			161			969,69		2		0		0		0		-		-		975,2			999999		999999		971,69		
684			salida(2)			342				2			161			971,69		-1		0		0		0		-		-		975,2			999999		999999		999999		
685			Llegad(0)			343				0			62			972,74		0		0		0		0		986,6		-		-			974,74		999999		999999		
686			Llegad(1)			344				1			121			974,15		0		0		1		0		-		981,4		-			974,74		999999		999999		
687			salida(0)			343				0			62			974,74		-1		0		1		0		986,6		-		-			999999		999999		999999		
* Cliente (tipo 1) tomó servidor en el tiempo 974,74900612921 y se le asigno DT 976,74900612921
688			Llegad(2)			345				2			162			975,24		1		0		0		1		-		-		981,2			999999		976,74		999999		
689			salida(1)			344				1			121			976,74		-1		0		0		1		-		981,4		-			999999		999999		999999		
* Cliente (tipo 2) tomó servidor en el tiempo 976,74900612921 y se le asigno DT 978,74900612921
690			salida(2)			345				2			162			978,74		-1		0		0		0		-		-		981,2			999999		999999		999999		
691			Llegad(2)			346				2			163			981,29		2		0		0		0		-		-		986,0			999999		999999		983,29		
692			Llegad(1)			347				1			122			981,41		2		0		1		0		-		987,6		-			999999		999999		983,29		
693			salida(2)			346				2			163			983,29		1		0		0		0		-		-		986,0			999999		985,29		999999		
694			salida(1)			347				1			122			985,29		-1		0		0		0		-		987,6		-			999999		999999		999999		
695			Llegad(2)			348				2			164			986,06		2		0		0		0		-		-		992,0			999999		999999		988,06		
696			Llegad(0)			349				0			63			986,63		2		1		0		0		1002,		-		-			999999		999999		988,06		
697			Llegad(1)			350				1			123			987,64		2		1		1		0		-		994,5		-			999999		999999		988,06		
698			salida(2)			348				2			164			988,06		0		0		1		0		-		-		992,0			990,06		999999		999999		
699			salida(0)			349				0			63			990,06		-1		0		1		0		1002,		-		-			999999		999999		999999		
* Cliente (tipo 1) tomó servidor en el tiempo 990,065870260239 y se le asigno DT 992,065870260239
700			Llegad(2)			351				2			165			992,00		1		0		0		1		-		-		998,1			999999		992,06		999999		
701			salida(1)			350				1			123			992,06		-1		0		0		1		-		994,5		-			999999		999999		999999		
* Cliente (tipo 2) tomó servidor en el tiempo 992,065870260239 y se le asigno DT 994,065870260239
702			salida(2)			351				2			165			994,06		-1		0		0		0		-		-		998,1			999999		999999		999999		
703			Llegad(1)			352				1			124			994,54		1		0		0		0		-		1002,		-			999999		996,54		999999		
704			salida(1)			352				1			124			996,54		-1		0		0		0		-		1002,		-			999999		999999		999999		
705			Llegad(2)			353				2			166			998,14		2		0		0		0		-		-		1004,			999999		999999		1000,1		
706			salida(2)			353				2			166			1000,1		-1		0		0		0		-		-		1004,			999999		999999		999999		
